P 9.6941972332 10.8148273450 0 9 0
P 8.4652975612 12.3780000034 1 100 5
P 10.9230969052 9.2516546867 2 100 5
P 16.6192430371 19.2293048378 0 38 3
P 2.7691514294 2.4003498523 0 38 3
P 3.3504612137 5.9349875632 0 42 1
P 16.0379332528 15.6946671269 0 42 1
P 1.3600808739 6.8840543159 0 48 2
P 18.0283135925 14.7456003741 0 48 2
P 10.4943516558 21.6296546901 0 5 1
P 8.8940428106 0.0000000000 0 5 1
P 9.7986164768 14.6604349293 0 27 3
P 9.5897779897 6.9692197607 0 27 3
P 5.9938068311 6.4829273481 0 28 4
P 13.3945876354 15.1467273420 0 28 4
P 0.0100548808 1.1232496465 0 57 3
P 19.3783395857 20.5064050435 0 57 3
P 14.6102490888 2.1015267172 0 10 1
P 4.7781453777 19.5281279729 0 10 1
P 13.6820640987 7.0359107086 0 78 2
P 5.7063303678 14.5937439815 0 78 2
P 0.0000000000 13.0793156412 0 54 5
P 19.3883944665 8.5503390489 0 54 5