P 15 15 0 46 5
P 5.41610870144 9.55298543088 1 100 5
P 10.0567434647 24.8531799418 2 100 5
P 2.52048330941 18.7851073685 0 97 2
P 4.78938974386 18.0969353282 0 95 1
P 14.4207212875 8.60794408766 0 74 4
P 18.0691592723 20.6368611811 0 74 4
P 2.03280842848 11.1116166198 0 60 4
P 6.37765910155 25.4366096025 0 60 4
P 15.0273778551 28.0583702953 0 6 5
P 7.76874005316 4.12660752582 0 6 5
P 8.73037661438 8.14775695591 0 62 4
P 13.5932102477 24.1805421804 0 62 4
P 3.18039443703 9.92361580806 0 25 1
P 7.99183352984 25.7869529922 0 25 1
