P 15 15 0 76 5
P 18.1809090601 26.7861469349 1 100 5
P 27.2044250152 15.2888807168 2 100 5
P 26.0206641433 23.6494595189 0 22 1
P 23.1082918778 21.3637128809 0 56 5
P 24.8461628561 22.7276637718 0 24 2
P 17.2369457293 16.7556447851 0 80 5
P 8.11709293669 12.3165945615 0 32 2
P 10.7577885286 8.95196592098 0 32 2
P 14.9804270718 3.82438124846 0 20 5
P 4.1398844552 17.6368025965 0 20 5
P 18.4618881632 1.84062564117 0 78 1
P 3.04030578686 21.489955123 0 78 1
P 11.4165343967 23.1292717993 0 96 5
P 22.0447998832 9.58732225949 0 96 5
P 6.96499499245 19.7508753949 0 78 2
P 17.7053063446 6.06616319433 0 78 2
P 13.6766022455 21.6519096619 0 43 3
P 21.1468513846 12.1337303297 0 43 3
P 15.434680778 6.11980302662 0 62 3
P 6.47749842998 17.5325506221 0 62 3
P 18.8043183541 19.9177160686 0 30 5
P 20.6809074266 17.5266698006 0 30 5
