P 15 15 0 36 5
P 24.3040522819 24.3503745733 1 100 5
P 9.71939649306 27.087601918 2 100 5
P 19.8186783518 4.07692464328 0 51 5
P 6.5486797403 6.5674190087 0 51 5
P 8.25475383555 18.1828737637 0 47 2
P 22.4402995948 15.5205508187 0 47 2
P 6.80622682839 18.4742649834 0 85 2
P 23.8959092574 15.2668978206 0 85 2
P 22.9105001658 27.5271716452 0 42 1
P 12.1699791692 29.5429372686 0 42 1
P 4.89236803238 20.4652590131 0 43 2
P 26.4014367497 16.4284677508 0 43 2
P 5.90200753384 24.4926416626 0 32 3
P 26.9207741152 20.5478696042 0 32 3
P 9.57175386609 15.8831980991 0 4 4
P 20.3790913434 13.8548924542 0 4 4
P 20.8221784309 24.5878324591 0 3 1
P 13.0504291763 26.0464232469 0 3 1
P 13.3443297305 19.8284387919 0 28 3
P 18.2937254646 18.8995432774 0 28 3
P 24.3794361746 4.3569832635 0 80 5
P 2.39982475233 8.48208530786 0 80 5
P 2.2600175736 13.406966167 0 12 5
P 26.2954208861 8.89603604013 0 12 5
P 18.1084348971 7.8237397695 0 20 3
P 9.50108343977 9.43915518386 0 20 3
P 14.7529297453 6.15497722835 0 66 2
P 12.0231784999 6.66729303896 0 66 2
