P 15 15 0 89 4
P 17.2163260701 17.4407366348 1 100 5
P 15.3831145614 11.7254741103 2 100 5
P 7.76557249719 17.3204945879 0 67 3
P 2.64136263453 18.9641217097 0 60 4
P 0.952708148355 19.5057697661 0 25 1
P 13.9711617657 15.330007254 0 24 3
P 8.00244889388 12.4208127573 0 12 5
P 10.8082479297 21.1682366116 0 12 5
P 22.888544643 16.8095110645 0 50 1
P 20.3642058081 8.93957403104 0 50 1
P 23.941657486 5.85038444101 0 71 2
P 27.5954212906 17.241442836 0 71 2
P 21.358175558 7.73937803646 0 29 5
P 24.3951819793 17.2076193738 0 29 5
P 14.3413491288 9.52455864582 0 98 5
P 17.6491323894 19.8369801092 0 98 5
P 16.7083044073 2.7889411587 0 56 1
P 23.4923754011 23.9391175191 0 56 1
