P 15 15 0 45 5
P 20.1444464523 21.5232428174 1 100 5
P 9.85555354773 8.47675718255 2 100 5
P 12.0696747722 17.3109520286 0 47 2
P 17.9303252278 12.6890479714 0 47 2
P 10.5517175459 18.5080636318 0 29 1
P 19.4482824541 11.4919363682 0 29 1
P 17.8162978388 8.2411291546 0 51 3
P 12.1837021612 21.7588708454 0 51 3
P 7.16488881853 3.54763448083 0 80 3
P 22.8351111815 26.4523655192 0 80 3
P 28.9000201403 16.4668176908 0 60 4
P 1.09997985969 13.5331823092 0 60 4
P 16.4375715939 29.1776631761 0 19 1
P 13.5624284061 0.822336823869 0 19 1
P 16.8819156596 23.5698264789 0 39 5
P 13.1180843404 6.43017352106 0 39 5
P 15.9706886166 5.89092759912 0 51 3
P 14.0293113834 24.1090724009 0 51 3
