P 15 15 0 50 1
P 3.01022930599 8.0396049484 1 100 5
P 26.989770694 21.9603950516 2 100 5
P 17.1871071127 26.1787614376 0 80 3
P 12.8128928873 3.82123856242 0 80 3
P 14.2465961733 22.9339816576 0 5 2
P 15.7534038267 7.06601834237 0 5 2
P 19.6990757648 8.77086041788 0 41 5
P 10.3009242352 21.2291395821 0 41 5
P 19.3620762692 17.2962092417 0 14 1
P 10.6379237308 12.7037907583 0 14 1
P 18.591658662 6.35606244858 0 67 2
P 11.408341338 23.6439375514 0 67 2
P 25.4373788825 5.10700374479 0 11 3
P 4.5626211175 24.8929962552 0 11 3
P 24.613317098 23.8812022947 0 75 3
P 5.38668290197 6.1187977053 0 75 3
P 15.5261509039 23.569219012 0 25 4
P 14.4738490961 6.43078098801 0 25 4
