P 15 15 0 64 1
P 23.8193349877 6.63244168901 1 100 5
P 6.18066501227 23.367558311 2 100 5
P 11.6296266956 11.4476553255 0 48 5
P 18.3703733044 18.5523446745 0 48 5
P 15.6519756282 26.7572990395 0 73 3
P 14.3480243718 3.24270096048 0 73 3
P 12.3855557581 20.7000674991 0 49 2
P 17.6144442419 9.29993250086 0 49 2
P 18.5945623525 28.9673448277 0 52 4
P 11.4054376475 1.0326551723 0 52 4
P 5.06314330543 5.36078950392 0 33 4
P 24.9368566946 24.6392104961 0 33 4
P 17.267240499 27.8883802921 0 69 2
P 12.732759501 2.11161970791 0 69 2
P 18.8389663074 2.63916338944 0 36 4
P 11.1610336926 27.3608366106 0 36 4
P 28.0684168344 12.8879866121 0 41 1
P 1.93158316561 17.1120133879 0 41 1
P 12.4134605168 22.7098006009 0 26 3
P 17.5865394832 7.29019939911 0 26 3
