P 15 15 0 94 1
P 24.6609298388 15.1071003769 1 100 5
P 5.3390701612 14.8928996231 2 100 5
P 13.6109809421 10.8941137638 0 78 3
P 16.3890190579 19.1058862362 0 78 3
P 17.9518378606 27.2010106068 0 91 4
P 12.0481621394 2.79898939316 0 91 4
P 4.02690547681 9.10986651415 0 70 3
P 25.9730945232 20.8901334858 0 70 3
P 8.78079827701 23.2218170776 0 43 2
P 21.219201723 6.77818292243 0 43 2
P 1.63211091585 13.8652250889 0 31 1
P 28.3678890842 16.1347749111 0 31 1
P 11.7836106581 4.86690706819 0 30 2
P 18.2163893419 25.1330929318 0 30 2
P 4.42215869628 6.77735329222 0 88 1
P 25.5778413037 23.2226467078 0 88 1
