P 15 15 0 92 1
P 19.3905997263 14.3588123172 1 100 5
P 10.9125721617 16.7266792601 2 100 5
P 16.5487020633 20.5450492358 0 49 3
P 17.2921674852 23.2069894934 0 45 5
P 18.5834648604 27.8304142911 0 84 2
P 18.1682993898 26.3439353677 0 75 5
P 16.1834948489 19.2374433165 0 81 2
P 11.8464273833 25.4982759406 0 28 5
P 23.1370640653 22.3448625836 0 28 5
P 28.0558599922 11.0596976977 0 70 2
P 1.79186478171 18.3950885741 0 70 2
P 11.3294514317 19.1874818003 0 10 1
P 20.3091638118 16.6794970197 0 10 1
P 14.9410558 9.34708624794 0 48 5
P 12.121248466 10.1346430848 0 48 5
P 19.3176645216 5.96494353908 0 100 1
P 6.62550863392 9.50979358014 0 100 1
P 21.4225495162 4.91202599196 0 57 5
P 4.27965706565 9.69994252441 0 57 5
P 24.1260935175 13.4259986613 0 54 4
P 6.37905238353 18.3826506319 0 54 4
P 20.7168175116 2.38162881583 0 56 5
P 3.57208063481 7.17006048649 0 56 5
P 8.70660303488 13.0584173172 0 3 3
P 19.3765370282 10.0783628419 0 3 3
