P 15 15 0 78 5
P 11.14358277 17.0137219142 1 100 5
P 15.3824896636 10.6663258709 2 100 5
P 27.1646942763 21.1548218683 0 35 4
P 25.3459670102 23.8782084731 0 35 4
P 7.90163092714 2.83221807423 0 81 3
P 1.04106106109 13.1053274195 0 81 3
P 22.1341425707 21.5124315194 0 19 2
P 23.7488621148 19.0945288142 0 19 2
P 25.576172577 5.44438332476 0 55 3
P 10.2257802818 28.430266658 0 55 3
P 17.024054834 8.58673198353 0 59 2
P 9.85164099158 19.3268006821 0 59 2
P 11.7172241195 19.8252218987 0 3 5
P 18.1992275548 10.118983005 0 3 5
P 13.2099871511 25.3501380191 0 85 1
P 23.8744730558 9.38099377169 0 85 1
P 14.8051562422 6.40987488725 0 94 4
P 6.9907453858 18.1112785262 0 94 4
P 18.9028073927 6.33495520177 0 93 1
P 8.49153270691 21.9249375734 0 93 1
P 21.992609626 26.9455779878 0 45 2
P 28.7131705937 16.8821198449 0 45 2
