P 15 15 0 42 3
P 12.3457666524 19.2161047164 1 100 5
P 19.8296631086 16.2226397263 2 100 5
P 19.6110792378 26.5280585146 0 37 5
P 18.4141900679 23.5357420363 0 100 1
P 20.2318327448 28.0799908026 0 40 3
P 17.9589579984 11.2083667134 0 20 1
P 10.2424019714 14.2948926222 0 20 1
P 11.5260697944 17.3429506036 0 63 2
P 19.1314477091 14.3008945494 0 63 2
P 17.1267910459 22.1078392478 0 75 4
P 18.3617254273 21.6138809391 0 75 4
P 16.659123441 21.1348794153 0 77 3
P 18.0293966441 20.5867872705 0 77 3
P 3.51562665197 17.0080236164 0 36 4
P 24.7012536495 8.53403776148 0 36 4
P 8.15327851852 17.433525977 0 50 1
P 21.6363283197 12.0404746734 0 50 1
