P 15 15 0 15 2
P 8.9419979026 27.5466833709 1 100 5
P 22.7092751554 26.605418114 2 100 5
P 14.7229760713 10.9481504246 0 59 5
P 26.8805782642 6.6181465181 0 14 4
P 2.08917681735 8.31312835246 0 14 4
P 3.50564148153 22.530369553 0 90 5
P 27.4123075826 20.8958768501 0 90 5
P 25.3582130541 24.526804801 0 100 1
P 6.03480318289 25.847941437 0 100 1
P 10.9653189445 14.239471874 0 86 1
P 18.8936265675 13.697415491 0 86 1
P 1.38735233527 16.3394988973 0 46 5
P 28.668287455 14.4743082766 0 46 5
P 9.89641166678 7.89243877962 0 66 1
P 19.0887352126 7.26396194828 0 66 1
P 20.632246098 2.06850028414 0 57 3
P 7.66014426641 2.95539959901 0 57 3
P 16.2568681466 22.9394660314 0 38 3
P 14.8354148873 23.0366504306 0 38 3
