P 15 15 0 88 1
P 24.0482627008 11.5893766151 1 100 5
P 5.9517372992 18.4106233849 2 100 5
P 11.5303019481 5.79501430579 0 96 4
P 18.4696980519 24.2049856942 0 96 4
P 13.6458065791 18.9699111133 0 38 4
P 16.3541934209 11.0300888867 0 38 4
P 15.5815073794 13.0713118893 0 32 4
P 14.4184926206 16.9286881107 0 32 4
P 6.45307166779 4.34324775426 0 58 4
P 23.5469283322 25.6567522457 0 58 4
P 7.92042469387 23.5141921692 0 73 3
P 22.0795753061 6.48580783083 0 73 3
P 20.189145632 13.4242064774 0 36 1
P 9.81085436802 16.5757935226 0 36 1
P 27.9374420367 7.96739927628 0 92 3
P 2.06255796327 22.0326007237 0 92 3
P 3.8757737226 15.0788380939 0 65 4
P 26.1242262774 14.9211619061 0 65 4
P 10.1449495443 25.5841787017 0 11 2
P 19.8550504557 4.41582129832 0 11 2
