P 15 15 0 6 2
P 12.8975702058 25.5739578307 1 100 5
P 17.1024297942 4.42604216928 2 100 5
P 25.3407307073 4.19612670179 0 57 2
P 4.65926929274 25.8038732982 0 57 2
P 13.654239215 8.91452491356 0 3 4
P 16.345760785 21.0854750864 0 3 4
P 19.3448937727 21.4181564471 0 35 3
P 10.6551062273 8.58184355287 0 35 3
P 26.9069264087 18.7337877877 0 33 4
P 3.09307359131 11.2662122123 0 33 4
P 7.5257029383 25.9374807195 0 55 4
P 22.4742970617 4.06251928054 0 55 4
P 26.692562772 20.2537356152 0 64 2
P 3.30743722799 9.74626438479 0 64 2
P 4.36523874818 11.3251976183 0 47 4
P 25.6347612518 18.6748023817 0 47 4
P 17.553774206 6.52049059856 0 21 1
P 12.446225794 23.4795094014 0 21 1
