P 15 15 0 24 3
P 10.6398414234 9.95884459195 1 100 5
P 14.0313758648 21.5943914007 2 100 5
P 2.07288172319 18.7680022765 0 56 3
P 19.5576272177 18.5319039903 0 60 4
P 16.9461028188 9.57238583988 0 60 4
P 13.634579494 23.8032078777 0 38 5
P 9.11836914533 8.30916592754 0 38 5
P 2.93453721527 6.34005575356 0 17 1
P 9.47725526694 28.786562921 0 17 1
P 15.2565109464 23.2677995674 0 17 1
P 10.77396149 7.88924012046 0 17 1
P 26.9728030691 9.787733571 0 3 4
P 27.8982819947 12.9628313165 0 3 4
P 23.7615571507 24.6203269728 0 74 3
P 17.2202582332 2.17868851691 0 74 3
P 19.5072189815 5.40048154773 0 85 1
P 23.9592409961 20.6743086131 0 85 1
P 21.3760417493 2.94956949358 0 3 5
P 26.8522779981 21.7372316299 0 3 5
P 12.4083056255 15.1278583932 0 84 4
P 12.7455055236 16.2847109228 0 84 4
P 4.95653507364 8.59949651504 0 24 1
P 9.96855554185 25.794544884 0 24 1
