P 15 15 0 68 4
P 20.396806883 13.6784600838 1 100 5
P 10.6141333505 11.5888175048 2 100 5
P 12.1619307608 28.2864371681 0 59 5
P 13.2010687854 23.4217066387 0 35 3
P 27.2260058391 11.9936940027 0 36 1
P 5.06928793996 7.26087521047 0 36 1
P 21.8780978403 9.05252810446 0 80 3
P 11.1521405031 6.7613939807 0 80 3
P 5.16447255886 8.40259320451 0 6 5
P 26.6726556421 12.9968807495 0 6 5
P 20.5906660055 19.4402120424 0 40 1
P 8.08310922372 16.7685167106 0 40 1
P 0.218219669811 14.4182188041 0 29 3
P 28.7294232124 20.5083969852 0 29 3
P 21.9753833434 26.550230315 0 51 1
P 3.91429482492 22.6922645488 0 51 1
P 4.73917146429 5.10131479637 0 63 4
P 28.4096453118 10.1574816869 0 63 4
P 2.95024538194 21.3527671337 0 6 2
P 23.402576495 25.7215178429 0 6 2
P 29.1933334194 18.4082476781 0 39 4
P 0.652856207735 12.3118164512 0 39 4
