P 15 15 0 52 5
P 1.42911442592 12.2539952137 1 100 5
P 28.5708855741 17.7460047863 2 100 5
P 12.6321879988 26.7018389366 0 47 3
P 17.3678120012 3.29816106336 0 47 3
P 13.025227884 24.7594172285 0 83 5
P 16.974772116 5.24058277147 0 83 5
P 8.49436958253 2.96017633186 0 38 1
P 21.5056304175 27.0398236681 0 38 1
P 10.6246072683 22.1131118389 0 39 5
P 19.3753927317 7.88688816108 0 39 5
P 20.4879536694 5.56915313664 0 61 1
P 9.51204633061 24.4308468634 0 61 1
P 15.2983162362 9.74567696749 0 4 1
P 14.7016837638 20.2543230325 0 4 1
P 18.5511552404 0.552327459405 0 28 2
P 11.4488447596 29.4476725406 0 28 2
P 17.9545613101 4.140047327 0 61 3
P 12.0454386899 25.859952673 0 61 3
