P 15 15 0 79 2
P 28.1966618138 18.0552705809 1 100 5
P 1.80333818621 11.9447294191 2 100 5
P 12.2880532231 26.7137397568 0 10 2
P 17.7119467769 3.28626024317 0 10 2
P 24.37029318 15.1375194008 0 65 1
P 5.62970682002 14.8624805992 0 65 1
P 4.47654191262 24.6943968096 0 55 3
P 25.5234580874 5.30560319037 0 55 3
P 3.7436983719 5.9938528723 0 93 1
P 26.2563016281 24.0061471277 0 93 1
P 12.3147659706 18.4112568275 0 28 1
P 17.6852340294 11.5887431725 0 28 1
P 13.9808655925 21.9036967153 0 6 5
P 16.0191344075 8.09630328473 0 6 5
