P 15 15 0 22 1
P 10.7722494398 6.99676438787 1 100 5
P 19.2277505602 23.0032356121 2 100 5
P 14.7738061689 25.2556622679 0 49 5
P 15.2261938311 4.74433773206 0 49 5
P 25.6428386078 16.1845725076 0 20 1
P 4.35716139222 13.8154274924 0 20 1
P 22.0792645699 26.1231059541 0 94 5
P 7.92073543014 3.87689404592 0 94 5
P 6.26860834117 16.5459396322 0 69 1
P 23.7313916588 13.4540603678 0 69 1
P 27.3984424789 10.6914335388 0 90 5
P 2.60155752111 19.3085664612 0 90 5
P 22.511152322 14.7565775547 0 33 3
P 7.488847678 15.2434224453 0 33 3
