P 15 15 0 48 2
P 25.3842433688 19.3986213306 1 100 5
P 4.61575663117 10.6013786694 2 100 5
P 8.23222006913 23.5576487627 0 37 4
P 21.7677799309 6.4423512373 0 37 4
P 8.32081784604 28.027854321 0 35 3
P 21.679182154 1.97214567896 0 35 3
P 5.50470025475 13.3073965976 0 85 1
P 24.4952997452 16.6926034024 0 85 1
P 19.8349645195 23.3552261325 0 66 4
P 10.1650354805 6.64477386748 0 66 4
P 27.8190029076 7.70692382297 0 73 2
P 2.18099709235 22.293076177 0 73 2
P 28.4616263062 14.602348732 0 60 4
P 1.53837369375 15.397651268 0 60 4
P 9.57373897242 3.23193023502 0 19 2
P 20.4262610276 26.768069765 0 19 2
P 24.8961802895 5.34406669782 0 36 1
P 5.10381971048 24.6559333022 0 36 1
P 13.3904661391 4.17459739112 0 50 4
P 16.6095338609 25.8254026089 0 50 4
P 15.0903260682 1.39350033805 0 43 3
P 14.9096739318 28.606499662 0 43 3
P 17.2485600775 2.36225202539 0 64 5
P 12.7514399225 27.6377479746 0 64 5
P 26.5161308281 15.6028249405 0 71 2
P 3.48386917186 14.3971750595 0 71 2
P 14.037071271 11.4999704229 0 16 2
P 15.962928729 18.5000295771 0 16 2
