P 15 15 0 5 4
P 4.06112075027 8.90291027257 1 100 5
P 21.4254053635 4.25068614751 2 100 5
P 17.9564242881 26.0347634585 0 90 4
P 18.5917874301 28.4062370021 0 82 4
P 16.2017935497 19.4856577589 0 36 5
P 15.7136959174 17.6638482376 0 8 1
P 22.0955080995 18.509786292 0 70 1
P 10.6096334224 21.5870719078 0 70 1
P 25.628153064 20.635839856 0 3 2
P 8.61309758934 25.1944988121 0 3 2
P 16.8254264728 29.7821767691 0 65 3
P 20.8094534732 28.7147796986 0 65 3
P 25.9547475799 16.2480576521 0 7 3
P 6.13657131197 21.5577263083 0 7 3
P 10.6445167406 1.19062550392 0 23 1
P 11.8680648093 0.8628135629 0 23 1
