P 15 15 0 5 2
P 25.4193560361 9.60868240962 1 100 5
P 19.1345861048 4.02118024061 2 100 5
P 8.89035741555 7.93026821197 0 31 3
P 22.7363093584 20.2400722873 0 31 3
P 11.1236425209 23.738837654 0 22 4
P 6.77499875712 19.8726569142 0 22 4
P 5.66804781296 6.53238530937 0 36 2
P 24.5017783899 23.2765957736 0 36 2
P 28.6450059702 12.7976664641 0 93 5
P 15.5899385414 1.19100172177 0 93 5
P 20.1629015868 7.92481248377 0 32 3
P 21.4221885202 9.04438703445 0 32 3
P 23.2744062497 3.93768999276 0 95 5
P 25.0176741183 5.48754990865 0 95 5
P 7.14056062325 8.81075971579 0 6 3
P 22.0666984787 22.0809077966 0 6 3
