P 15 15 0 94 1
P 1.99780101892 21.455278387 1 100 5
P 5.98432406665 26.3774067723 2 100 5
P 27.5073499926 13.4113276279 0 20 3
P 19.1524463635 3.09559438943 0 20 3
P 3.16776269346 14.3390407564 0 49 2
P 13.1883578968 26.711390169 0 49 2
P 10.4363665936 24.9109158477 0 94 5
P 4.35721929838 17.405040903 0 94 5
P 3.19571773344 13.0344994236 0 88 5
P 14.470243657 26.95506715 0 88 5
P 15.165380972 18.8648917066 0 48 5
P 11.2537933061 14.0352854429 0 48 5
P 13.873602767 28.2973845472 0 71 4
P 1.75873406833 13.339252262 0 71 4
P 13.1181817186 9.13108868912 0 51 2
P 20.3499067162 18.0600421805 0 51 2
P 9.58515328455 7.29345652095 0 67 4
P 21.4134478043 21.8977579406 0 67 4
P 12.7745275617 4.84097354269 0 55 5
P 24.4750223067 19.2874815942 0 55 5
P 16.8788773699 4.60582624798 0 29 5
P 25.5577290655 15.3215355945 0 29 5
P 0.715593639287 17.0345837604 0 19 4
P 10.0421830361 28.5500497087 0 19 4
