P 15 15 0 61 1
P 23.1438563358 11.3556836218 1 100 5
P 6.85614366424 18.6443163782 2 100 5
P 12.7718947563 10.020912807 0 40 2
P 17.2281052437 19.979087193 0 40 2
P 21.8832661999 13.4088131922 0 33 5
P 8.11673380008 16.5911868078 0 33 5
P 21.1311037102 4.07457490158 0 23 3
P 8.86889628979 25.9254250984 0 23 3
P 6.517769878 10.4566317529 0 57 3
P 23.482230122 19.5433682471 0 57 3
P 1.20297890514 17.7988513578 0 3 3
P 28.7970210949 12.2011486422 0 3 3
P 12.3958215183 24.7067300178 0 71 5
P 17.6041784817 5.29326998217 0 71 5
P 19.0695995456 26.8574711972 0 38 5
P 10.9304004544 3.14252880284 0 38 5
P 2.99274666536 16.3236596238 0 13 4
P 27.0072533346 13.6763403762 0 13 4
P 11.044510728 10.1319424178 0 14 3
P 18.955489272 19.8680575822 0 14 3
P 17.1535628417 12.6752152772 0 28 3
P 12.8464371583 17.3247847228 0 28 3
P 13.3965634366 3.90582576619 0 8 5
P 16.6034365634 26.0941742338 0 8 5
