P 15 15 0 99 5
P 9.24554739184 10.9711858499 1 100 5
P 20.7544526082 19.0288141501 2 100 5
P 12.1294785862 18.522205164 0 47 3
P 17.8705214138 11.477794836 0 47 3
P 18.2250781513 4.58209876474 0 77 4
P 11.7749218487 25.4179012353 0 77 4
P 10.7585115548 26.8540943834 0 47 3
P 19.2414884452 3.14590561655 0 47 3
P 14.8845197762 4.57672225266 0 38 2
P 15.1154802238 25.4232777473 0 38 2
P 15.3671595538 27.3006231578 0 46 2
P 14.6328404462 2.69937684224 0 46 2
P 5.56810804541 17.6305786054 0 50 1
P 24.4318919546 12.3694213946 0 50 1
P 19.9801058536 21.3143417331 0 21 4
P 10.0198941464 8.68565826693 0 21 4
