P 15 15 0 99 2
P 10.6631860852 12.1342201316 1 100 5
P 20.0628554636 13.8218048803 2 100 5
P 16.8355839467 4.77599067051 0 45 4
P 17.3278632887 2.03404656364 0 88 2
P 15.9107429366 9.92725772782 0 37 2
P 16.6035535124 6.06837576076 0 60 4
P 10.4652056055 6.24213683789 0 2 4
P 22.2980943151 8.36657352983 0 2 4
P 15.0302967221 11.6164158861 0 10 3
P 16.148610649 11.8171941743 0 10 3
P 22.7094027962 21.7570944255 0 14 1
P 5.42155169296 18.6532922932 0 14 1
P 26.6329736421 18.0989770852 0 34 1
P 3.0155368247 13.858782609 0 34 1
P 18.1884736576 19.6996308096 0 97 1
P 10.375842417 18.2969775036 0 97 1
