P 15 15 0 5 1
P 24.9043664794 22.685458999 1 100 5
P 5.0956335206 7.31454100103 2 100 5
P 7.19566870795 25.0575589894 0 82 4
P 22.8043312921 4.94244101056 0 82 4
P 12.1039950272 27.4295936271 0 3 5
P 17.8960049728 2.57040637285 0 3 5
P 16.2470991989 23.9213023421 0 17 1
P 13.7529008011 6.07869765793 0 17 1
P 17.3414268665 18.7941040711 0 11 4
P 12.6585731335 11.2058959289 0 11 4
P 12.6064489739 9.06020459243 0 19 5
P 17.3935510261 20.9397954076 0 19 5
P 10.1601711924 7.81372517602 0 52 3
P 19.8398288076 22.186274824 0 52 3
P 15.9821775073 9.56602236212 0 86 4
P 14.0178224927 20.4339776379 0 86 4
P 27.012271749 16.4685180934 0 42 3
P 2.98772825103 13.5314819066 0 42 3
P 21.955265977 8.60690526998 0 96 1
P 8.04473402299 21.39309473 0 96 1
