P 15 15 0 44 3
P 20.2163768495 15.2412732294 1 100 5
P 12.0127555817 19.2831263105 2 100 5
P 9.86331094879 4.57422481698 0 36 5
P 9.19659146604 3.22100538553 0 70 1
P 18.1696902985 23.9306395754 0 33 4
P 20.1497564426 22.9550781515 0 33 4
P 16.2631878276 29.9068612384 0 98 1
P 26.0500623859 25.0849529864 0 98 1
P 23.4881783055 16.5133279129 0 43 5
P 11.027735762 22.652479934 0 43 5
P 9.28778558081 23.8142663609 0 6 4
P 25.4695913191 15.8416309544 0 6 4
P 6.67673310924 24.9739379329 0 13 2
P 27.9801257349 14.4779410662 0 13 2
P 15.7939695965 25.829741727 0 16 1
P 23.1031942425 22.2285501079 0 16 1
P 28.4168547079 11.2666653769 0 11 2
P 3.86436902379 23.363462227 0 11 2
P 29.6984608136 13.5890220556 0 24 5
P 4.92484990969 25.7947653845 0 24 5
