P 15 15 0 15 2
P 15.5067109322 4.65146750941 1 100 5
P 14.4932890678 25.3485324906 2 100 5
P 6.98761967464 14.6076776386 0 87 3
P 23.0123803254 15.3923223614 0 87 3
P 23.5163609887 20.8775575961 0 30 5
P 6.48363901129 9.12244240395 0 30 5
P 12.4041263909 3.3492671215 0 12 1
P 17.5958736091 26.6507328785 0 12 1
P 23.2857527229 9.62773499649 0 91 5
P 6.71424727708 20.3722650035 0 91 5
P 9.61781457002 10.3809821671 0 100 1
P 20.38218543 19.6190178329 0 100 1
P 8.26799077208 18.2313183521 0 42 4
P 21.7320092279 11.7686816479 0 42 4
P 22.3711405014 4.99320226059 0 75 2
P 7.62885949861 25.0067977394 0 75 2
P 12.160020492 7.6286704998 0 50 2
P 17.839979508 22.3713295002 0 50 2
P 11.3796955851 14.1960323414 0 28 2
P 18.6203044149 15.8039676586 0 28 2
P 5.95750230879 10.4948363446 0 55 5
P 24.0424976912 19.5051636554 0 55 5
P 1.33059115091 10.8386152083 0 28 5
P 28.6694088491 19.1613847917 0 28 5
