P 15 15 0 12 1
P 13.5439759837 25.5138455914 1 100 5
P 6.3692899078 8.82166702411 2 100 5
P 7.25852593927 18.3274653711 0 26 3
P 5.13323796631 19.2409635083 0 90 4
P 10.3059836119 17.0175972767 0 39 3
P 6.32808174156 18.7273918997 0 61 3
P 2.98460285356 20.1644967885 0 53 1
P 1.57797868258 8.89498637241 0 29 2
P 10.1937658829 28.9399412212 0 29 2
P 11.8174430232 4.78212411582 0 5 5
P 20.2240432888 24.3403976474 0 5 5
P 5.31669883538 9.95030352675 0 88 3
P 12.0007319119 25.5009593301 0 88 3
P 9.50933450466 19.7029801184 0 76 5
P 7.80929267262 15.7477684851 0 76 5
P 23.5001489744 13.571313256 0 87 2
P 21.8857924504 9.81545173332 0 87 2
P 9.40836656321 6.02762407011 0 92 2
P 17.6625753756 25.2313531211 0 92 2
