P 15 15 0 67 4
P 12.8232417841 6.19292074948 1 100 5
P 17.1767582159 23.8070792505 2 100 5
P 11.3024110829 15.9138962902 0 52 3
P 18.6975889171 14.0861037098 0 52 3
P 10.1372659142 16.2018736374 0 64 1
P 19.8627340858 13.7981263626 0 64 1
P 16.1049794782 23.4308883573 0 60 5
P 13.8950205218 6.5691116427 0 60 5
P 24.7562733318 12.9572416124 0 19 3
P 5.24372666821 17.0427583876 0 19 3
P 20.944769042 23.9437004772 0 1 2
P 9.05523095799 6.05629952284 0 1 2
P 13.8802704621 19.7440530575 0 73 1
P 16.1197295379 10.2559469425 0 73 1
P 23.7685737896 12.2457756979 0 72 5
P 6.23142621038 17.7542243021 0 72 5
P 3.54460717252 22.763483282 0 72 2
P 26.4553928275 7.23651671799 0 72 2
P 22.2710701534 18.0529980415 0 86 2
P 7.72892984659 11.9470019585 0 86 2
P 12.6086078374 22.3046344924 0 10 1
P 17.3913921626 7.69536550761 0 10 1
