P 15 15 0 67 5
P 13.598725684 18.4154391805 1 100 5
P 18.6644883128 14.5524288778 2 100 5
P 23.7818122004 26.5160386778 0 37 4
P 19.7817852784 21.2705991608 0 20 4
P 23.7052481672 5.79042261236 0 25 3
P 3.81520389651 20.95801959 0 25 3
P 23.9477586394 14.8384941339 0 18 1
P 12.4765935996 23.5860869406 0 18 1
P 9.67512399171 18.0252007423 0 38 3
P 19.3263798561 10.6654202769 0 38 3
P 1.37425554914 14.4024502575 0 37 4
P 18.0292437823 1.70181743086 0 37 4
P 6.06116141276 23.2850042624 0 46 2
P 25.3549887805 8.57206578493 0 46 2
