P 15 15 0 90 4
P 24.6975254569 8.64601962526 1 100 5
P 3.50340776415 16.4978095847 2 100 5
P 15.6898823436 1.53131952912 0 86 4
P 5.7015127361 5.2317132578 0 86 4
P 14.2912297829 6.50391014695 0 11 4
P 10.0023185984 8.09282412128 0 11 4
P 26.7481370327 14.3007902498 0 96 1
P 5.63194899308 22.1237095916 0 96 1
P 24.1774299813 6.50682890592 0 8 2
P 2.50424178772 14.5361002308 0 8 2
P 13.6784986763 21.6283269318 0 52 3
P 20.3210226479 19.1674694532 0 52 3
P 23.9537589157 21.4947528718 0 98 5
P 12.4388649434 25.7606784548 0 98 5
P 28.2729865921 18.3413759846 0 82 5
P 7.10767510686 26.1824941012 0 82 5
P 8.79800707217 15.1167231804 0 25 1
P 19.7810719519 11.0478244512 0 25 1
P 7.69498675309 19.1423328441 0 94 3
P 23.2406245352 13.3831366171 0 94 3
P 19.1605107824 13.9603867256 0 73 3
P 11.1663780003 16.9219750504 0 73 3
P 5.54129983516 24.789130573 0 43 2
P 28.5534826423 16.2638015865 0 43 2
P 17.0938733424 16.917732419 0 51 4
P 14.660964603 17.819052714 0 51 4
P 4.80116596866 25.6430487292 0 24 4
P 29.6713163375 16.4293980462 0 24 4
