P 15 15 0 38 3
P 26.8243986939 23.7465305816 1 100 5
P 3.17560130612 6.25346941843 2 100 5
P 7.79687910746 24.7378694877 0 37 4
P 22.2031208925 5.26213051229 0 37 4
P 11.2346713243 12.3224665341 0 3 4
P 18.7653286757 17.6775334659 0 3 4
P 8.24035132711 11.825456047 0 65 3
P 21.7596486729 18.174543953 0 65 3
P 13.4424369755 12.3912772141 0 69 4
P 16.5575630245 17.6087227859 0 69 4
P 28.8097194465 17.8829610916 0 7 3
P 1.1902805535 12.1170389084 0 7 3
P 18.5316119465 14.9027986938 0 99 4
P 11.4683880535 15.0972013062 0 99 4
P 13.6411627688 25.6984973613 0 42 1
P 16.3588372312 4.30150263869 0 42 1
P 18.0439949012 4.87349166985 0 96 5
P 11.9560050988 25.1265083301 0 96 5
P 1.60519337 10.7714324084 0 96 1
P 28.39480663 19.2285675916 0 96 1
