P 15 15 0 20 2
P 21.1735889601 15.6379167723 1 100 5
P 8.82641103989 14.3620832277 2 100 5
P 13.5082914693 29.4363586548 0 73 4
P 16.4917085307 0.563641345206 0 73 4
P 13.7156323099 27.4297691124 0 95 3
P 16.2843676901 2.5702308876 0 95 3
P 23.1112425424 4.21778789936 0 20 1
P 6.88875745761 25.7822121006 0 20 1
P 0.78098359352 15.4264399959 0 89 5
P 29.2190164065 14.5735600041 0 89 5
P 5.61077572016 21.4162419433 0 58 3
P 24.3892242798 8.58375805669 0 58 3
P 6.06192914154 25.0437644547 0 10 5
P 23.9380708585 4.95623554529 0 10 5
P 15.9685524957 25.7846953638 0 51 2
P 14.0314475043 4.21530463619 0 51 2
P 0.442885376907 18.2947804892 0 26 4
P 29.5571146231 11.7052195108 0 26 4
P 28.0362739503 16.093790689 0 22 4
P 1.96372604972 13.906209311 0 22 4
P 10.8674865422 28.0339337887 0 57 1
P 19.1325134578 1.96606621135 0 57 1
P 21.0161143718 2.98775057528 0 11 2
P 8.98388562822 27.0122494247 0 11 2
P 7.62821314823 11.2548591094 0 72 3
P 22.3717868518 18.7451408906 0 72 3
P 26.8154976208 22.5237560159 0 50 4
P 3.18450237919 7.47624398411 0 50 4
