P 15 15 0 66 3
P 7.21647148379 15.3369914409 1 100 5
P 22.547502196 13.0681382051 2 100 5
P 13.5447974882 5.16694687458 0 16 1
P 13.3465273809 3.82720173107 0 68 5
P 23.8164848093 11.0450344636 0 14 4
P 5.41591388306 13.7681517589 0 14 4
P 26.9838387309 23.1568458959 0 42 2
P 5.8923702142 26.278191583 0 42 2
P 22.7546558132 16.594347288 0 68 2
P 8.03952270681 18.7720532747 0 68 2
P 11.518038492 3.68793785924 0 14 5
P 15.0563040425 3.16430670917 0 14 5
P 17.4567049807 15.6415310367 0 41 5
P 12.8344108459 16.3255885669 0 41 5
P 24.6961792963 24.8277782225 0 9 4
P 8.56593787609 27.2149073809 0 9 4
P 21.7580947187 8.68603831 0 90 5
P 6.70281766407 10.9140825102 0 90 5
