P 15 15 0 82 5
P 0.937633982369 16.0949463523 1 100 5
P 15.3654353139 0.899804875123 2 100 5
P 18.1600792431 7.51253441969 0 75 5
P 7.68618071605 18.5434854481 0 75 5
P 21.1661035234 15.550731967 0 44 4
P 15.8692274415 21.1293214972 0 44 4
P 3.46530239498 16.6166378944 0 11 3
P 16.0172907124 3.39707422556 0 11 3
P 21.6758444182 25.4566746529 0 22 3
P 25.7882758765 21.125524231 0 22 3
P 26.1660270884 12.2601200603 0 35 4
P 12.8418866495 26.292902629 0 35 4
P 13.7999691239 6.73603309073 0 16 5
P 6.68498732552 14.2294239789 0 16 5
