P 15 15 0 12 4
P 9.42695561724 9.72184380484 1 100 5
P 20.5730443828 20.2781561952 2 100 5
P 8.36217562036 22.0086766107 0 7 2
P 21.6378243796 7.99132338928 0 7 2
P 5.14971630654 25.4006145663 0 96 1
P 24.8502836935 4.59938543372 0 96 1
P 8.66214215898 2.41154769602 0 31 3
P 21.337857841 27.588452304 0 31 3
P 11.958509282 21.8755576441 0 47 5
P 18.041490718 8.12444235594 0 47 5
P 22.4798185384 5.1228355145 0 29 5
P 7.52018146157 24.8771644855 0 29 5
P 21.3201313104 15.6843172888 0 5 5
P 8.67986868963 14.3156827112 0 5 5
P 14.9870093156 11.1680067827 0 11 4
P 15.0129906844 18.8319932173 0 11 4
