P 15 15 0 84 1
P 19.3168509533 10.3443803983 1 100 5
P 10.6831490467 19.6556196017 2 100 5
P 12.3273776702 12.5218524623 0 49 2
P 17.6726223298 17.4781475377 0 49 2
P 17.5456320492 21.5064062913 0 31 2
P 12.4543679508 8.49359370871 0 31 2
P 19.986543873 3.12103656067 0 90 3
P 10.013456127 26.8789634393 0 90 3
P 4.04563242528 12.6456465085 0 33 4
P 25.9543675747 17.3543534915 0 33 4
P 19.1988038675 22.0705293779 0 91 3
P 10.8011961325 7.92947062212 0 91 3
P 9.0887763382 27.400815635 0 71 4
P 20.9112236618 2.59918436501 0 71 4
P 15.6493222286 26.8449478944 0 44 3
P 14.3506777714 3.15505210562 0 44 3
P 6.69634156497 2.96120861648 0 53 1
P 23.303658435 27.0387913835 0 53 1
P 18.0919364384 2.24417045465 0 81 2
P 11.9080635616 27.7558295453 0 81 2
P 2.73828564111 12.9630440574 0 98 2
P 27.2617143589 17.0369559426 0 98 2
P 16.96080946 25.38935607 0 8 3
P 13.03919054 4.61064392996 0 8 3
