P 15 15 0 82 5
P 3.03808050652 7.07874957894 1 100 5
P 6.91898137197 26.8545714446 2 100 5
P 0.4959669311 17.846340085 0 12 2
P 4.41310645635 17.077622088 0 41 2
P 13.9956292049 17.7231053177 0 73 2
P 13.0409656993 12.8584473216 0 73 2
P 25.4498397383 6.01648945564 0 51 5
P 28.0699778834 19.3678702345 0 51 5
P 3.31755048237 8.36731402926 0 61 5
P 6.69073081495 25.5559554531 0 61 5
P 19.921126115 17.680827001 0 18 2
P 18.542960886 10.6581405124 0 18 2
P 11.9484106722 18.5003143694 0 23 4
P 10.8518504667 12.912596455 0 23 4
P 10.0560278229 17.2769710872 0 37 3
P 9.56216477433 14.760403926 0 37 3
P 9.19376698013 21.2180889596 0 40 3
P 7.27437155496 11.4374675693 0 40 3
P 15.3712076355 10.9029863634 0 86 2
P 16.8920786531 18.652855625 0 86 2
P 10.6507927951 8.07766576722 0 19 1
P 13.5895518672 23.0526362519 0 19 1
P 7.31341354406 20.8306928479 0 15 5
P 5.67988984469 12.5067817736 0 15 5
