P 15 15 0 83 2
P 19.5467484402 15.4217153306 1 100 5
P 10.4532515598 14.5782846694 2 100 5
P 14.804527937 17.1074934515 0 14 2
P 15.195472063 12.8925065485 0 14 2
P 9.04277017471 5.32528187366 0 45 1
P 20.9572298253 24.6747181263 0 45 1
P 18.9163552777 11.0761482597 0 20 4
P 11.0836447223 18.9238517403 0 20 4
P 14.5525870521 20.0330688972 0 59 3
P 15.4474129479 9.96693110284 0 59 3
P 13.884568212 25.9561758688 0 44 2
P 16.115431788 4.04382413116 0 44 2
P 21.913392386 12.0153264633 0 11 5
P 8.08660761403 17.9846735367 0 11 5
