P 15 15 0 17 4
P 1.306126196 18.9679576581 1 100 5
P 28.693873804 11.0320423419 2 100 5
P 11.8469048041 4.11830936113 0 17 5
P 18.1530951959 25.8816906389 0 17 5
P 17.8380991129 3.73891403667 0 65 2
P 12.1619008871 26.2610859633 0 65 2
P 8.0670434936 13.1090654947 0 8 3
P 21.9329565064 16.8909345053 0 8 3
P 24.4960596408 22.0011550269 0 35 3
P 5.50394035922 7.99884497308 0 35 3
P 9.38352681174 5.78745507742 0 80 2
P 20.6164731883 24.2125449226 0 80 2
P 11.0651964959 19.9796659566 0 97 3
P 18.9348035041 10.0203340434 0 97 3
P 26.9586043896 14.0694322293 0 95 4
P 3.04139561042 15.9305677707 0 95 4
P 6.88219879406 26.8805160426 0 42 1
P 23.1178012059 3.1194839574 0 42 1
P 28.3298561664 12.8795272426 0 76 3
P 1.67014383362 17.1204727574 0 76 3
P 11.3172247259 6.76572247984 0 20 1
P 18.6827752741 23.2342775202 0 20 1
P 24.3442585185 9.03039558729 0 18 4
P 5.65574148151 20.9696044127 0 18 4
