P 15 15 0 5 4
P 15.7557777007 3.79271759478 1 100 5
P 14.2442222993 26.2072824052 2 100 5
P 2.50128607774 14.1571329312 0 41 5
P 27.4987139223 15.8428670688 0 41 5
P 4.81028350253 14.312843183 0 4 3
P 25.1897164975 15.687156817 0 4 3
P 25.4926878655 12.0817281275 0 16 2
P 4.50731213447 17.9182718725 0 16 2
P 11.4134972658 6.79576042573 0 93 3
P 18.5865027342 23.2042395743 0 93 3
P 14.5264077255 19.7218419656 0 47 4
P 15.4735922745 10.2781580344 0 47 4
P 11.9630584478 5.94128449698 0 13 5
P 18.0369415522 24.058715503 0 13 5
P 24.6875163346 18.7766840774 0 47 4
P 5.31248366538 11.2233159226 0 47 4
