P 15 15 0 94 5
P 21.0999915993 26.9139109766 1 100 5
P 8.90000840069 3.08608902337 2 100 5
P 2.37263657759 21.4652833943 0 38 5
P 27.6273634224 8.53471660572 0 38 5
P 22.9741656543 15.8405134495 0 68 3
P 7.02583434575 14.1594865505 0 68 3
P 17.8054095113 12.8207344148 0 99 2
P 12.1945904887 17.1792655852 0 99 2
P 20.9280937459 24.5207766298 0 14 5
P 9.07190625413 5.47922337016 0 14 5
P 22.2305552971 4.56961723919 0 89 2
P 7.7694447029 25.4303827608 0 89 2
P 3.56459474734 19.8635504298 0 7 4
P 26.4354052527 10.1364495702 0 7 4
P 10.9082010437 22.6721043896 0 83 3
P 19.0917989563 7.32789561041 0 83 3
P 18.1541040584 6.48214981949 0 70 5
P 11.8458959416 23.5178501805 0 70 5
P 22.1626364582 11.2061505645 0 49 2
P 7.83736354179 18.7938494355 0 49 2
