P 15 15 0 86 2
P 18.8213128026 18.2780328128 1 100 5
P 11.1786871974 11.7219671872 2 100 5
P 6.08393461038 25.3937564899 0 1 3
P 23.9160653896 4.60624351008 0 1 3
P 10.8511570564 25.7857813201 0 15 4
P 19.1488429436 4.21421867993 0 15 4
P 28.4767365995 15.2365704595 0 34 2
P 1.52326340047 14.7634295405 0 34 2
P 15.1702734554 4.15617065866 0 7 5
P 14.8297265446 25.8438293413 0 7 5
P 19.1321026131 2.55800992548 0 65 1
P 10.8678973869 27.4419900745 0 65 1
P 23.9503250682 19.2768864515 0 81 3
P 6.04967493177 10.7231135485 0 81 3
P 24.3135510859 9.88527545566 0 66 4
P 5.68644891413 20.1147245443 0 66 4
P 13.0676001384 7.90970004749 0 68 5
P 16.9323998616 22.0902999525 0 68 5
P 19.3606377788 12.5723348042 0 36 5
P 10.6393622212 17.4276651958 0 36 5
P 14.5309067429 17.2268819284 0 57 1
P 15.4690932571 12.7731180716 0 57 1
