P 15 15 0 100 3
P 15.7176155048 10.925879255 1 100 5
P 14.2823844952 19.074120745 2 100 5
P 3.73734202883 13.0161957656 0 30 2
P 26.2626579712 16.9838042344 0 30 2
P 29.891808995 13.9509220589 0 35 1
P 0.108191005029 16.0490779411 0 35 1
P 14.5070002984 24.5720859977 0 3 1
P 15.4929997016 5.42791400234 0 3 1
P 12.1760012279 2.81139450815 0 68 3
P 17.8239987721 27.1886054919 0 68 3
P 14.0843803562 3.76093126777 0 88 4
P 15.9156196438 26.2390687322 0 88 4
P 2.69772065075 23.1062276961 0 78 1
P 27.3022793492 6.89377230389 0 78 1
P 21.3640747852 26.6045418736 0 83 5
P 8.63592521476 3.39545812638 0 83 5
P 1.16071409754 15.2392124381 0 68 2
P 28.8392859025 14.7607875619 0 68 2
