P 15 15 0 86 3
P 3.96283400642 14.1263789593 1 100 5
P 26.0371659936 15.8736210407 2 100 5
P 2.6431988155 19.2989985122 0 36 5
P 27.3568011845 10.7010014878 0 36 5
P 21.2827908701 16.5978887055 0 60 4
P 8.71720912991 13.4021112945 0 60 4
P 16.0545320734 2.21831155048 0 87 4
P 13.9454679266 27.7816884495 0 87 4
P 19.3279470568 9.24205703838 0 93 2
P 10.6720529432 20.7579429616 0 93 2
P 12.5759432875 13.1485395678 0 40 3
P 17.4240567125 16.8514604322 0 40 3
P 15.0775760795 26.6405586826 0 61 1
P 14.9224239205 3.35944131742 0 61 1
P 20.7637851737 12.8844609025 0 75 5
P 9.23621482634 17.1155390975 0 75 5
P 18.4611164255 12.9007806208 0 67 1
P 11.5388835745 17.0992193792 0 67 1
P 26.0849360135 17.3341174282 0 2 5
P 3.91506398647 12.6658825718 0 2 5
P 24.178008143 8.08947160059 0 98 2
P 5.82199185704 21.9105283994 0 98 2
