P 15 15 0 60 0
P 11.5203444751 2.77437140102 1 100 5
P 27.7110435817 14.9419631394 2 100 5
P 22.6383511697 4.83609508619 0 44 5
P 19.8883172842 8.49540352865 0 18 2
P 21.377079414 21.9825316609 0 34 5
P 6.51929057028 10.8166451481 0 34 5
P 5.03416753184 12.2996036405 0 43 5
P 20.3657026493 23.8215187106 0 43 5
P 21.8087863082 14.2237820075 0 52 5
P 13.8518192128 8.24398296018 0 52 5
P 25.2366237978 12.7887869587 0 8 5
P 14.2767857278 4.55227819049 0 8 5
P 19.2271769771 5.28446852182 0 30 1
P 23.1564411137 8.2373788027 0 30 1
P 13.0638085884 22.262832679 0 77 5
P 8.56227197661 18.8798496882 0 77 5
