P 15 15 0 5 3
P 26.3248457776 17.316468593 1 100 5
P 12.1132474063 26.1930700923 2 100 5
P 22.1555838359 26.4562181929 0 64 3
P 20.6433887771 24.0351667537 0 6 4
P 22.860931477 27.5854924302 0 47 2
P 16.7566139099 17.812370408 0 27 4
P 1.20967985842 12.2861373941 0 75 1
P 18.6112871281 1.41704799649 0 75 1
P 10.1195084096 22.0451869063 0 58 3
P 23.4721362357 13.7051006554 0 58 3
P 14.0613841432 19.1674389718 0 90 1
P 19.1567538487 15.9848577317 0 90 1
P 10.1717326802 28.6288289502 0 30 5
P 29.3654550224 16.6403797928 0 30 5
P 19.0245297182 2.77406741145 0 5 4
P 2.24783634324 13.2528339565 0 5 4
P 12.1668289163 17.8410130545 0 9 1
P 18.7959650148 13.7004373153 0 9 1
P 1.6343970043 18.8755255413 0 15 5
P 24.3463509294 4.68957973872 0 15 5
