P 15 15 0 54 0
P 9.62249647611 9.90100344273 1 100 5
P 7.59085947905 14.8518555392 2 100 5
P 23.2126504835 18.3701520952 0 32 1
P 15.0881934562 3.38758248729 0 4 4
P 6.90580542091 23.3270662716 0 4 4
P 16.4649314322 28.5413295998 0 37 1
P 25.5545632346 6.39100317343 0 37 1
P 20.1586258507 15.537413953 0 58 5
P 19.0491404153 18.2410949263 0 58 5
P 19.0163422797 7.4972142003 0 1 3
P 12.5884061947 23.1613121115 0 1 3
P 22.3589778704 15.5912996189 0 48 5
P 20.6530879548 19.7483457237 0 48 5
P 5.68965375524 15.1922587801 0 26 4
P 8.50842799191 8.32324903118 0 26 4
P 14.6047200168 12.8793880287 0 56 2
P 13.229068589 16.2316831312 0 56 2
P 0.544676186895 15.0188391966 0 87 1
P 4.72468402556 4.83266883186 0 87 1
P 16.3413528147 21.0042131067 0 71 4
P 20.1722735165 11.668725608 0 71 4
P 21.2251113551 8.15420010758 0 28 1
P 14.6219831515 24.2452198899 0 28 1
P 11.3720083262 17.7436095322 0 72 2
P 14.3449906104 10.4988135397 0 72 2
