P 15 15 0 78 0
P 0.105167799178 15.7162618229 1 100 5
P 6.7547293311 27.4251587067 2 100 5
P 24.7428643512 9.46696160672 0 61 5
P 22.9548132417 11.7117785585 0 61 4
P 21.8989972067 9.85264227969 0 61 4
P 2.93751196607 7.19473392792 0 84 1
P 15.5241583374 29.3579613477 0 84 1
P 18.620205333 7.44371222837 0 38 2
P 23.3440502791 15.7617062952 0 38 2
P 26.8965980471 16.5565408929 0 57 3
P 19.7574321734 3.98552299196 0 57 3
P 9.3749763291 23.8125420878 0 55 1
P 4.55004368284 15.316547494 0 55 1
P 18.4221636679 28.0360377242 0 72 5
P 5.5573664672 5.38302772799 0 72 5
P 2.08267739971 16.9929684212 0 75 4
P 6.6712721997 25.0728069333 0 75 4
P 21.7496042998 1.90281066235 0 49 3
P 29.7058098489 15.9125148981 0 49 3
P 3.48443226093 14.8996079415 0 53 1
P 9.18717782872 24.941301591 0 53 1
P 25.3925848223 14.0740309803 0 37 1
P 21.1190214878 6.54891640406 0 37 1
P 8.23402418113 7.55383786248 0 55 4
P 17.9289770515 24.625219623 0 55 4
