P 15 15 0 7 4
P 13.2071799136 25.1852724382 1 100 5
P 16.7928200864 4.81472756178 2 100 5
P 12.5942684215 23.9970985714 0 54 4
P 17.4057315785 6.00290142864 0 54 4
P 14.3506829153 23.1052489769 0 27 3
P 15.6493170847 6.89475102311 0 27 3
P 9.09419880299 23.7081057944 0 65 5
P 20.905801197 6.29189420558 0 65 5
P 20.2820843804 7.21022243448 0 48 3
P 9.71791561965 22.7897775655 0 48 3
P 16.4390559458 29.2967073339 0 46 4
P 13.5609440542 0.703292666104 0 46 4
P 4.04671267884 17.5566640226 0 35 1
P 25.9532873212 12.4433359774 0 35 1
P 19.6968077708 1.69339059238 0 71 5
P 10.3031922292 28.3066094076 0 71 5
