P 15 15 0 21 4
P 24.6284731998 9.9572872665 1 100 5
P 16.4015574812 25.7783154759 2 100 5
P 16.9416287695 16.0096446345 0 1 2
P 18.3777865905 16.7564449812 0 2 3
P 16.5014637396 22.5907489275 0 49 1
P 22.0763848632 11.8697220715 0 49 1
P 6.59092998035 16.4643213517 0 53 2
P 11.3693468306 7.27503701109 0 53 2
P 9.72909684923 21.9019404196 0 81 4
P 17.6230693207 6.72118916031 0 81 4
P 3.33297135451 23.3253116722 0 76 5
P 15.1149446669 0.66761849596 0 76 5
P 12.7697209933 24.1082371431 0 92 2
P 21.1754865873 7.94326607324 0 92 2
P 19.6690482723 12.0703962446 0 99 2
P 15.2831886815 20.5047610397 0 99 2
P 16.7794913907 13.757452881 0 24 4
P 15.004780474 17.1703663515 0 24 4
P 5.18415615146 8.0335981845 0 77 2
P 3.65970778836 10.9652364049 0 77 2
P 6.80203303611 25.1237732324 0 46 5
P 18.5795477482 2.47465430736 0 46 5
