P 15 15 0 73 1
P 26.6424476359 14.0914474143 1 100 5
P 3.35755236412 15.9085525857 2 100 5
P 13.8767867804 0.606830799316 0 95 1
P 16.1232132196 29.3931692007 0 95 1
P 13.3400557922 8.56296073572 0 1 5
P 16.6599442078 21.4370392643 0 1 5
P 27.8036239312 17.5041092249 0 89 4
P 2.1963760688 12.4958907751 0 89 4
P 6.73089041117 5.00972369055 0 65 1
P 23.2691095888 24.9902763095 0 65 1
P 10.8109819028 26.9745279875 0 21 2
P 19.1890180972 3.02547201248 0 21 2
P 21.8320512363 24.5386584783 0 99 2
P 8.16794876373 5.46134152167 0 99 2
P 19.3526278794 13.5839358804 0 67 1
P 10.6473721206 16.4160641196 0 67 1
P 8.73286753974 19.7673116432 0 14 3
P 21.2671324603 10.2326883568 0 14 3
