P 15 15 0 26 3
P 12.0343724297 12.6556206821 1 100 5
P 18.7450755468 15.5152382174 2 100 5
P 11.7005692627 22.7428187021 0 34 4
P 9.52733195588 27.8427840606 0 87 3
P 12.5867231524 20.6632693929 0 26 5
P 10.7968258088 24.8636456791 0 49 4
P 11.939652578 14.7323888013 0 14 2
P 17.3127474335 17.0220141952 0 14 2
P 25.6760042072 18.685795838 0 83 5
P 4.94685648754 9.85252855175 0 83 5
P 11.1083122933 19.7547081722 0 12 3
P 14.2660608825 21.1003128101 0 12 3
P 25.6067971841 11.4301175209 0 55 5
P 10.2281808367 4.87686069978 0 55 5
P 5.35493884333 8.05790249976 0 9 5
P 26.6877804355 17.1484205619 0 9 5
P 17.9140626587 27.6910983842 0 36 5
P 3.82774036823 21.6885240597 0 36 5
P 8.93993928217 24.4617259869 0 19 5
P 12.372880271 25.9245977722 0 19 5
P 14.4786640222 1.89877957627 0 52 2
P 24.8107708329 6.30157810532 0 52 2
P 11.5133607959 4.28599064424 0 80 2
P 25.1428117213 10.0938793533 0 80 2
