P 15 15 0 90 2
P 10.6472776881 24.1069540273 1 100 5
P 13.9021687176 25.0338212888 2 100 5
P 10.932490917 29.2839210927 0 57 4
P 11.7569755724 26.3885683056 0 89 1
P 13.2346123259 21.1995333559 0 79 5
P 12.4619772854 23.9128052198 0 90 2
P 19.1319802875 23.2722993242 0 5 2
P 7.12998711614 19.8545951852 0 5 2
P 4.23215575738 21.147222574 0 35 1
P 20.9141353086 25.8976060931 0 35 1
P 10.5897664379 5.51408325895 0 23 5
P 23.7458637023 9.26043167213 0 23 5
P 16.7612163064 27.7394171628 0 86 1
P 6.79180564439 24.9005140243 0 86 1
P 26.3438851867 22.2749984297 0 7 3
P 1.52534899078 15.2076378116 0 7 3
P 19.7070291516 10.2184179299 0 50 4
P 13.5180491368 8.45603543972 0 50 4
P 21.5861866285 12.6439177882 0 32 3
P 10.6430262265 9.52772832992 0 32 3
P 11.8272609157 19.4786732189 0 73 1
P 15.3373990102 20.4782249868 0 73 1
P 20.5364102701 2.01031669078 0 29 2
P 17.1371525764 1.04233937876 0 29 2
P 2.47319817751 16.0404423583 0 10 5
P 25.0995009662 22.4835395659 0 10 5
