P 15 15 0 11 5
P 8.98443626755 23.3498917075 1 100 5
P 13.590115186 4.80588780927 2 100 5
P 29.1592600229 18.5166626229 0 85 1
P 25.1894981046 17.5307132627 0 73 3
P 24.4051495816 15.1080215748 0 56 2
P 23.3627899239 19.3049102199 0 56 2
P 17.9043129564 10.4511384652 0 69 1
P 15.4385532022 20.3791120178 0 69 1
P 21.9245774578 19.8224258668 0 47 3
P 23.3761902635 13.9777471549 0 47 3
P 14.5945504475 2.868249429 0 74 4
P 8.96559264007 25.5323164153 0 74 4
P 22.9730954461 20.7810677088 0 73 3
P 24.751387048 13.6210708914 0 73 3
P 12.3221771644 16.3176309891 0 89 3
P 13.2498251307 12.5826099841 0 89 3
P 0.303201799703 17.299865798 0 57 1
P 3.08703922204 6.09120515828 0 57 1
P 19.3278099915 6.58673045171 0 89 2
P 14.8885993321 24.4604774566 0 89 2
P 18.98700053 21.8150441235 0 71 1
P 21.7122510407 10.8422739871 0 71 1
P 23.4181154664 26.14295209 0 29 4
P 27.6533550837 9.09046072771 0 29 4
P 17.9677192378 22.2402312178 0 68 3
P 21.0103444656 9.98960431041 0 68 3
P 12.775659908 8.88954282864 0 31 4
P 10.1752387799 19.359708116 0 31 4
