P 15 15 0 26 5
P 0.747120646974 11.5235277871 1 100 5
P 29.252879353 18.4764722129 2 100 5
P 12.2850952359 26.1305966763 0 7 3
P 17.7149047641 3.86940332372 0 7 3
P 17.4679706812 28.9931828225 0 50 4
P 12.5320293188 1.00681717749 0 50 4
P 15.9503610038 27.2439169539 0 75 1
P 14.0496389962 2.75608304614 0 75 1
P 26.8701950718 11.3562654082 0 83 2
P 3.12980492819 18.6437345918 0 83 2
P 5.32845038214 18.453352503 0 67 5
P 24.6715496179 11.546647497 0 67 5
P 24.5835696909 14.2112326164 0 32 2
P 5.41643030909 15.7887673836 0 32 2
P 7.00770283115 23.1544510533 0 71 2
P 22.9922971688 6.84554894671 0 71 2
P 10.5758132959 18.9695898381 0 9 4
P 19.4241867041 11.0304101619 0 9 4
P 28.8297364118 9.8664061248 0 86 4
P 1.17026358823 20.1335938752 0 86 4
P 26.3571715547 24.3888656763 0 86 1
P 3.64282844529 5.61113432369 0 86 1
P 20.2287337427 9.53002842257 0 93 4
P 9.77126625727 20.4699715774 0 93 4
P 14.3795473593 21.2058078539 0 84 1
P 15.6204526407 8.79419214611 0 84 1
P 4.88798773247 24.6947707871 0 56 4
P 25.1120122675 5.30522921286 0 56 4
