P 15 15 0 52 4
P 7.16090313992 25.4539669001 1 100 5
P 22.8390968601 4.54603309987 2 100 5
P 8.05715914969 8.33284268548 0 33 4
P 21.9428408503 21.6671573145 0 33 4
P 23.2551010588 25.6385841289 0 37 3
P 6.74489894118 4.36141587105 0 37 3
P 12.9140836654 19.177527623 0 94 2
P 17.0859163346 10.822472377 0 94 2
P 9.81780302236 26.6628050502 0 71 3
P 20.1821969776 3.33719494984 0 71 3
P 14.9878500955 25.22877627 0 29 5
P 15.0121499045 4.77122372998 0 29 5
P 12.7876740019 6.2476397751 0 64 3
P 17.2123259981 23.7523602249 0 64 3
P 5.59003661641 16.7257826145 0 83 4
P 24.4099633836 13.2742173855 0 83 4
P 26.3840058005 22.4074851822 0 91 5
P 3.6159941995 7.59251481777 0 91 5
