P 15 15 0 81 1
P 22.1887825974 27.7133869419 1 100 5
P 5.58990788391 26.1695554582 2 100 5
P 13.7200208916 28.7620025766 0 46 4
P 15.2694555272 3.46687103813 0 65 1
P 16.8621182674 3.61500173517 0 65 1
P 7.04296924621 13.9593517855 0 73 4
P 23.0124638702 15.444645759 0 73 4
P 24.6254010157 9.52215121689 0 55 2
P 6.54993102575 7.84098426221 0 55 2
P 16.7978420499 9.35604380345 0 82 1
P 14.2738601502 9.12129278639 0 82 1
P 3.89163390246 23.4755530595 0 57 4
P 24.3547574315 25.3787913757 0 57 4
P 20.9572736303 3.00276551226 0 85 5
P 11.3574522744 2.10990339342 0 85 5
P 12.2391896873 22.5565049853 0 27 3
P 16.3198763522 22.9360423128 0 27 3
P 4.72600748066 10.5190930421 0 53 2
P 25.9241397292 12.4906931973 0 53 2
P 17.88268761 5.23200196476 0 61 1
P 13.9681827727 4.86792091015 0 61 1
