P 15 15 0 60 4
P 10.3106400478 9.76083476853 1 100 5
P 11.2999643265 20.979020413 2 100 5
P 28.9546688232 13.7693471025 0 75 3
P 11.5041283607 27.8691389554 0 10 2
P 9.30576164488 2.94133069004 0 10 2
P 13.5095837774 18.5889575508 0 90 5
P 12.9044575363 11.7272857441 0 90 5
P 10.8204553693 18.0973557285 0 42 2
P 10.3428738665 12.6819443479 0 42 2
P 21.4897115111 4.49121046504 0 58 2
P 23.2287668579 24.2107767851 0 58 2
P 29.6977169007 13.0889180611 0 27 4
P 29.8053351759 14.3092275356 0 27 4
P 15.835873844 7.43211573358 0 62 1
P 17.1474844882 22.3047838932 0 62 1
P 11.4360027188 16.1212519983 0 89 1
P 11.2947731514 14.5198160092 0 89 1
P 15.9563737622 9.38022276619 0 17 3
P 16.9251717323 20.3656556665 0 17 3
P 19.932310031 5.58131243169 0 47 1
P 21.5046164568 23.4100726811 0 47 1
P 26.2452793313 18.4305690472 0 84 2
P 25.4713025269 9.65426014315 0 84 2
P 15.5316868768 20.9471251602 0 9 5
P 14.482629563 9.05161228259 0 9 5
