P 15 15 0 81 1
P 23.9017615508 18.5619402698 1 100 5
P 6.09823844915 11.4380597302 2 100 5
P 10.8511034292 25.3686432604 0 84 2
P 19.1488965708 4.63135673963 0 84 2
P 13.3106414428 19.2219312822 0 17 5
P 16.6893585572 10.7780687178 0 17 5
P 25.4843642872 13.0236465678 0 97 3
P 4.51563571281 16.9763534322 0 97 3
P 21.8352038329 11.1881791666 0 76 1
P 8.16479616711 18.8118208334 0 76 1
P 12.7849300185 26.5686115119 0 83 3
P 17.2150699815 3.43138848811 0 83 3
P 1.68194816981 16.5856387394 0 18 2
P 28.3180518302 13.4143612606 0 18 2
P 5.08128547296 22.0369885265 0 75 3
P 24.918714527 7.96301147349 0 75 3
P 25.2302583531 8.97865481724 0 85 1
P 4.76974164687 21.0213451828 0 85 1
P 5.60467170542 22.9460732905 0 90 1
P 24.3953282946 7.05392670948 0 90 1
