P 15 15 0 26 4
P 22.6120846952 10.9307164381 1 100 5
P 8.54189935423 9.27323493035 2 100 5
P 16.2651142433 4.26057889817 0 47 1
P 16.4796960761 2.43901639855 0 91 4
P 15.6700589503 9.31194038905 0 97 2
P 16.0361325751 6.20438007829 0 62 4
P 20.1009174613 25.2437463217 0 28 2
P 7.65830301278 23.7779942468 0 28 2
P 11.3784428749 0.942209788429 0 86 2
P 21.7891300007 2.16859884985 0 86 2
P 12.2027543286 26.3200137019 0 23 3
P 15.090159716 26.6601528628 0 23 3
P 10.576219799 23.5456030151 0 48 3
P 17.3168789282 24.3396592117 0 48 3
P 11.2543964369 7.17426158319 0 70 2
P 20.4615938322 8.25887838471 0 70 2
P 11.1297172964 26.3873450714 0 100 3
P 16.1181768728 26.9749904577 0 100 3
