P 15 15 0 70 2
P 12.0245863854 14.3139078769 1 100 5
P 14.1774400464 17.9406128106 2 100 5
P 6.8542097067 19.8354345819 0 34 4
P 4.18674269518 21.4188736061 0 96 5
P 12.1836706529 16.6718054146 0 20 4
P 9.64043654248 25.1623569704 0 18 1
P 3.51207858299 14.838503357 0 18 1
P 6.27225949572 22.2055574621 0 47 5
P 4.49484118277 19.211312251 0 47 5
P 17.9439753451 0.454451295468 0 40 4
P 29.1790615778 19.3811175195 0 40 4
P 24.2622548838 18.3218286962 0 3 2
P 16.5193426898 5.27809127744 0 3 2
P 15.3535416011 17.9331815487 0 91 3
P 12.5943218981 13.2849902242 0 91 3
P 12.7815137479 28.4133674706 0 11 3
P 2.16228034275 10.5241691102 0 11 3
P 27.2809961455 13.4788936292 0 66 3
P 22.2164752156 4.94718365935 0 66 3
P 23.4124753942 20.2586494894 0 81 5
P 14.4121033741 5.09659077553 0 81 5
