P 15 15 0 41 1
P 13.3691097138 4.76589340965 1 100 5
P 25.2625583838 16.4410538666 2 100 5
P 24.3737986476 5.4509412552 0 78 1
P 20.6226918267 9.27218179354 0 45 4
P 23.4140053044 6.42867966857 0 84 3
P 22.6104546534 7.24725415045 0 45 5
P 8.38186798333 23.3281779146 0 45 1
P 6.79583214531 21.7712516258 0 45 1
P 16.162666047 29.7150897228 0 69 2
P 0.265899660219 14.1100870477 0 69 2
P 28.5710667531 16.3608268408 0 3 3
P 13.3880426161 1.45646663896 0 3 3
P 10.1661420454 26.1959488362 0 100 4
P 3.89550476867 20.0404006513 0 100 4
P 17.7365071213 2.43036292199 0 7 5
P 27.5167950588 12.0311468622 0 7 5
P 8.97810993407 2.25543609615 0 61 5
P 27.8539153554 20.7848015612 0 61 5
P 18.6126089081 22.555899873 0 16 1
P 7.37848339942 11.5279615899 0 16 1
P 17.3399714543 8.85373931746 0 79 3
P 21.1018652339 12.5465886093 0 79 3
P 4.54677043513 18.2382417514 0 44 5
P 11.9559290128 25.511415214 0 44 5
