P 15 15 0 95 0
P 17.6633067869 5.98848170933 1 100 5
P 12.3366932131 24.0115182907 2 100 5
P 1.533054991 11.0199153035 0 86 4
P 28.466945009 18.9800846965 0 86 4
P 28.2723915356 21.008105704 0 12 4
P 1.72760846441 8.99189429598 0 12 4
P 23.7215175863 19.5195036956 0 63 4
P 6.27848241365 10.4804963044 0 63 4
P 11.7553976801 22.5792615227 0 5 3
P 18.2446023199 7.42073847732 0 5 3
P 10.3929351827 0.989967703441 0 28 2
P 19.6070648173 29.0100322966 0 28 2
P 2.81865114907 13.3916400847 0 5 2
P 27.1813488509 16.6083599153 0 5 2
P 7.58074480299 4.95738019443 0 35 1
P 22.419255197 25.0426198056 0 35 1
