P 15 15 0 53 0
P 7.16778770865 7.56692198787 1 100 5
P 25.6508747954 13.2243130334 2 100 5
P 19.1067131966 1.58308449207 0 16 2
P 18.13598652 4.75451555583 0 87 3
P 3.66693740537 10.1933611252 0 71 1
P 27.0818471999 17.3603078793 0 71 1
P 25.5258770211 11.4503142547 0 68 5
P 8.26432993563 6.1668179721 0 68 5
P 29.4511693813 17.7736696113 0 1 2
P 1.47216782877 9.20972398343 0 1 2
P 27.442031357 12.5776962582 0 51 5
P 6.04543106613 6.02852325895 0 51 5
P 10.105609803 15.8698488367 0 47 5
P 18.5689801135 18.460357402 0 47 5
