P 15 15 0 16 0
P 21.4257586933 23.3564998268 1 100 5
P 9.69801775461 5.8889930079 2 100 5
P 9.88760415718 18.4324792108 0 98 5
P 6.02114140357 21.0284348898 0 16 5
P 20.7917202818 17.6432572177 0 82 1
P 14.7460212461 8.63868509389 0 82 1
P 16.5522740437 19.6432997967 0 32 4
P 11.2899211344 11.8054573848 0 32 4
P 20.0807074746 24.309580514 0 43 2
P 8.3066795757 6.77313306988 0 43 2
P 14.1091319553 29.2618292995 0 99 5
P 1.46236772834 10.4255127808 0 99 5
P 8.16800354265 22.7293529806 0 94 4
P 5.259545923 18.397444255 0 94 4
