P 15 15 0 64 1
P 15.4765469719 10.9645652254 1 100 5
P 14.5234530281 19.0354347746 2 100 5
P 22.6368751052 26.5599420374 0 38 3
P 7.36312489484 3.44005796264 0 38 3
P 19.730944816 22.3498795028 0 88 3
P 10.269055184 7.65012049716 0 88 3
P 0.985901380109 17.1337026624 0 4 2
P 29.0140986199 12.8662973376 0 4 2
P 3.23802360072 16.9176599685 0 82 1
P 26.7619763993 13.0823400315 0 82 1
P 22.1329160148 17.0620147945 0 4 3
P 7.8670839852 12.9379852055 0 4 3
P 5.92863242668 5.3558218108 0 67 2
P 24.0713675733 24.6441781892 0 67 2
P 15.9770558145 22.1118417717 0 66 5
P 14.0229441855 7.88815822832 0 66 5
P 18.0334009851 6.87726011605 0 64 2
P 11.9665990149 23.122739884 0 64 2
P 13.1548630283 18.886253477 0 14 5
P 16.8451369717 11.113746523 0 14 5
P 17.5439405843 19.6250282695 0 84 3
P 12.4560594157 10.3749717305 0 84 3
