P 15 15 0 91 0
P 27.3807022128 11.4405405494 1 100 5
P 2.6192977872 18.5594594506 2 100 5
P 12.4850594207 6.25239918384 0 18 3
P 17.5149405793 23.7476008162 0 18 3
P 27.3288468109 15.506091105 0 97 1
P 2.67115318909 14.493908895 0 97 1
P 19.3526069483 13.5106292129 0 85 1
P 10.6473930517 16.4893707871 0 85 1
P 2.69213128536 6.53333218601 0 22 1
P 27.3078687146 23.466667814 0 22 1
P 9.99274121257 10.9182712425 0 56 3
P 20.0072587874 19.0817287575 0 56 3
P 14.2013122012 19.9225902101 0 90 4
P 15.7986877988 10.0774097899 0 90 4
P 14.212915635 2.93617736754 0 98 4
P 15.787084365 27.0638226325 0 98 4
P 26.8806558996 17.7713764069 0 55 3
P 3.11934410039 12.2286235931 0 55 3
P 11.697569375 0.951351406773 0 33 1
P 18.302430625 29.0486485932 0 33 1
