P 15 15 0 29 0
P 15.6430705221 22.3872333009 1 100 5
P 14.3569294779 7.61276669909 2 100 5
P 0.1350086128 16.2940213721 0 62 5
P 29.8649913872 13.7059786279 0 62 5
P 1.38861496027 16.1848929264 0 35 3
P 28.6113850397 13.8151070736 0 35 3
P 7.86164287293 21.6723555434 0 72 3
P 22.1383571271 8.32764445664 0 72 3
P 9.5564732532 25.0268640767 0 22 5
P 20.4435267468 4.9731359233 0 22 5
P 23.3106146904 13.8623681503 0 65 2
P 6.68938530956 16.1376318497 0 65 2
P 18.4722998597 7.92333198742 0 71 4
P 11.5277001403 22.0766680126 0 71 4
P 0.41747683061 12.9549786691 0 45 1
P 29.5825231694 17.0450213309 0 45 1
P 15.1554601376 9.63969756872 0 78 1
P 14.8445398624 20.3603024313 0 78 1
P 9.98807878693 8.00760051816 0 36 2
P 20.0119212131 21.9923994818 0 36 2
P 9.41162262146 11.4102713563 0 19 2
P 20.5883773785 18.5897286437 0 19 2
P 5.61917656591 24.701762523 0 22 3
P 24.3808234341 5.29823747704 0 22 3
P 9.43976663035 17.6703095216 0 92 5
P 20.5602333696 12.3296904784 0 92 5
P 12.9297923554 25.6690760259 0 13 4
P 17.0702076446 4.33092397413 0 13 4
