P 15 15 0 74 5
P 14.0946119938 19.1935016483 1 100 5
P 15.9053880062 10.8064983517 2 100 5
P 5.80351543277 13.0144548579 0 97 1
P 24.1964845672 16.9855451421 0 97 1
P 11.2056602699 3.70140041331 0 17 4
P 18.7943397301 26.2985995867 0 17 4
P 19.3160516344 23.0664307919 0 37 2
P 10.6839483656 6.93356920809 0 37 2
P 3.22477356551 18.0210554595 0 23 2
P 26.7752264345 11.9789445405 0 23 2
P 9.66022810556 7.70744339659 0 62 2
P 20.3397718944 22.2925566034 0 62 2
P 12.1612331068 28.1824039144 0 64 3
P 17.8387668932 1.8175960856 0 64 3
P 23.5267192802 11.9654161449 0 43 5
P 6.47328071976 18.0345838551 0 43 5
P 9.41302918645 4.05081942997 0 81 3
P 20.5869708135 25.94918057 0 81 3
P 20.2435180462 16.8945254181 0 89 4
P 9.75648195379 13.1054745819 0 89 4
P 16.4879833917 17.6854322264 0 12 3
P 13.5120166083 12.3145677736 0 12 3
P 9.01499587345 18.7803797964 0 3 5
P 20.9850041266 11.2196202036 0 3 5
