P 15 15 0 11 1
P 19.6699704311 6.34195881734 1 100 5
P 24.6767342348 16.7694958315 2 100 5
P 5.89517080399 19.3716679399 0 5 3
P 11.4406604159 16.7090107252 0 75 3
P 8.2041569906 18.2630122289 0 99 4
P 2.26164295051 21.1163000339 0 52 5
P 4.84715087104 19.8748728922 0 42 3
P 18.0566006244 9.00506940595 0 5 3
P 21.5896437602 16.3633030908 0 5 3
P 22.5930853446 9.05713749914 0 79 3
P 24.3856726961 12.7905412889 0 79 3
P 2.53319272126 17.2824084477 0 88 3
P 5.42335356724 23.3017176024 0 88 3
P 20.3310590087 23.9204991912 0 89 1
P 11.372087243 5.26173809133 0 89 1
P 14.9484280871 11.6278992675 0 10 4
P 17.5992882019 17.1488191771 0 10 4
P 13.1870766956 27.2625943324 0 58 3
P 4.29683776474 8.7469824218 0 58 3
P 23.9417072346 14.1666962379 0 2 2
P 21.2415435376 8.54309224957 0 2 2
P 1.95485979735 8.89489369797 0 63 3
P 11.6072110989 28.9977494383 0 63 3
