P 15 15 0 63 0
P 27.1412044602 19.6114568667 1 100 5
P 27.5260869106 11.5690341175 2 100 5
P 2.43425960915 14.3986472605 0 65 5
P 7.63177271662 14.6473822056 0 73 5
P 19.9121651057 21.9137097716 0 3 3
P 20.5499366295 8.58697012019 0 3 3
P 24.7181683377 12.2445385679 0 8 4
P 24.4106250175 18.6708991165 0 8 4
P 16.0635073253 12.6042586827 0 70 5
P 15.8298672934 17.4863516576 0 70 5
P 4.29682615276 7.15942178204 0 27 3
P 3.59700899925 21.7826538636 0 27 3
P 17.5073729758 8.97111643053 0 6 5
P 16.920189859 21.2407713657 0 6 5
