P 15 15 0 87 4
P 20.5298253558 12.3635060712 1 100 5
P 9.47017464423 17.6364939288 2 100 5
P 9.68750223814 3.85748057094 0 78 3
P 20.3124977619 26.1425194291 0 78 3
P 14.2821919362 0.113828062657 0 25 1
P 15.7178080638 29.8861719373 0 25 1
P 23.0681035557 16.6161638348 0 15 3
P 6.93189644434 13.3838361652 0 15 3
P 21.9592125023 16.8131634184 0 99 4
P 8.04078749775 13.1868365816 0 99 4
P 21.589759346 1.80087604535 0 47 5
P 8.41024065401 28.1991239547 0 47 5
P 13.8488292844 10.6716945784 0 44 5
P 16.1511707156 19.3283054216 0 44 5
P 28.7018335981 10.6580134346 0 93 4
P 1.29816640188 19.3419865654 0 93 4
P 23.581361947 4.17408069558 0 23 4
P 6.41863805296 25.8259193044 0 23 4
P 21.9116077779 21.3328320355 0 77 3
P 8.08839222207 8.66716796446 0 77 3
P 10.2225474779 23.5611542722 0 9 1
P 19.7774525221 6.43884572776 0 9 1
P 25.2037778357 8.60834427324 0 87 1
P 4.79622216432 21.3916557268 0 87 1
