P 15 15 0 6 5
P 10.7750269421 3.32906339003 1 100 5
P 19.2249730579 26.67093661 2 100 5
P 3.82358611788 19.0459518473 0 98 1
P 26.1764138821 10.9540481527 0 98 1
P 1.96335381733 19.7193709235 0 58 4
P 28.0366461827 10.2806290765 0 58 4
P 24.7917771395 21.4228352908 0 83 4
P 5.20822286051 8.57716470919 0 83 4
P 17.7783566992 2.34841839624 0 56 4
P 12.2216433008 27.6515816038 0 56 4
P 12.8227762406 2.4778850945 0 72 2
P 17.1772237594 27.5221149055 0 72 2
P 17.3517133801 6.79253423789 0 44 2
P 12.6482866199 23.2074657621 0 44 2
P 23.6689747419 17.4789962423 0 19 5
P 6.33102525813 12.5210037577 0 19 5
P 14.4719328632 18.5814419548 0 75 2
P 15.5280671368 11.4185580452 0 75 2
P 5.93300550956 6.31547261658 0 44 1
P 24.0669944904 23.6845273834 0 44 1
P 9.76685088919 24.2176746587 0 63 5
P 20.2331491108 5.78232534128 0 63 5
