P 15 15 0 25 3
P 17.2006550846 2.69183691331 1 100 5
P 12.7993449154 27.3081630867 2 100 5
P 12.6155368696 19.0489525191 0 10 3
P 17.3844631304 10.9510474809 0 10 3
P 19.9777419087 21.5776276695 0 64 2
P 10.0222580913 8.42237233055 0 64 2
P 4.87010724808 20.1535059071 0 34 2
P 25.1298927519 9.84649409294 0 34 2
P 29.3818302119 15.0420900655 0 64 2
P 0.61816978807 14.9579099345 0 64 2
P 3.02450559468 22.6882455504 0 45 2
P 26.9754944053 7.31175444964 0 45 2
P 1.05259039817 18.5765930417 0 82 1
P 28.9474096018 11.4234069583 0 82 1
P 20.6776798355 23.850218968 0 100 3
P 9.32232016446 6.14978103196 0 100 3
P 7.4800823757 20.2026931683 0 3 4
P 22.5199176243 9.79730683173 0 3 4
P 5.29733663386 15.3552467908 0 14 1
P 24.7026633661 14.6447532092 0 14 1
