P 15 15 0 40 0
P 9.27875113692 24.6835712656 1 100 5
P 20.7212488631 5.31642873439 2 100 5
P 13.9908546566 21.4514846555 0 32 2
P 16.0091453434 8.54851534453 0 32 2
P 21.334090612 21.1173430542 0 74 4
P 8.66590938802 8.88265694577 0 74 4
P 4.47990469539 20.0252569364 0 2 4
P 25.5200953046 9.97474306364 0 2 4
P 9.4936238581 5.74893542128 0 34 5
P 20.5063761419 24.2510645787 0 34 5
P 11.8132502857 5.61904799602 0 78 3
P 18.1867497143 24.380952004 0 78 3
P 3.98049292614 18.4371113877 0 83 4
P 26.0195070739 11.5628886123 0 83 4
P 20.0067279626 26.4283781023 0 78 3
P 9.99327203741 3.57162189767 0 78 3
P 20.8365081384 9.70766294441 0 89 2
P 9.1634918616 20.2923370556 0 89 2
P 2.37883533456 7.66899232703 0 97 1
P 27.6211646654 22.331007673 0 97 1
P 12.4118819005 3.46212607634 0 68 3
P 17.5881180995 26.5378739237 0 68 3
P 29.6385598604 15.9644982495 0 68 5
P 0.361440139604 14.0355017505 0 68 5
P 8.44640321924 10.5211091764 0 100 3
P 21.5535967808 19.4788908236 0 100 3
