P 15 15 0 90 3
P 14.3090735968 27.6795281647 1 100 5
P 3.09985313841 19.4310629026 2 100 5
P 23.1246545411 3.95903164946 0 92 5
P 21.3791861512 6.33102927126 0 28 2
P 19.4023521946 9.017440249 0 16 3
P 3.99506270282 24.2011537943 0 67 3
P 9.48860384943 28.2436546516 0 67 3
P 3.55625742455 15.2091858963 0 21 2
P 18.2041164982 25.9880225854 0 21 2
P 28.2187784781 15.5874487446 0 7 5
P 10.5073364019 2.55423066763 0 7 5
P 10.9254787146 18.9160123075 0 54 4
P 12.4731536736 20.0548910711 0 54 4
P 17.2730904343 10.6371251686 0 54 5
P 18.489302823 11.5320924571 0 54 5
P 19.0193435792 21.5747355351 0 80 2
P 7.52731870814 13.1181645994 0 80 2
P 11.5651957222 16.1932052221 0 80 4
P 14.8824494506 18.6342538432 0 80 4
