P 15 15 0 25 5
P 14.4765670506 17.0099409824 1 100 5
P 15.5234329494 12.9900590176 2 100 5
P 12.6849399801 9.63939830367 0 6 3
P 17.3150600199 20.3606016963 0 6 3
P 23.5776862831 4.78341010049 0 23 1
P 6.42231371686 25.2165898995 0 23 1
P 2.85404702308 7.18578032748 0 25 4
P 27.1459529769 22.8142196725 0 25 4
P 9.02880118203 15.0281603091 0 23 1
P 20.971198818 14.9718396909 0 23 1
P 16.9632654467 18.6998910367 0 52 1
P 13.0367345533 11.3001089633 0 52 1
P 28.7754682025 11.4582011744 0 17 1
P 1.2245317975 18.5417988256 0 17 1
P 5.51623031662 10.3429648218 0 100 4
P 24.4837696834 19.6570351782 0 100 4
P 17.912830508 3.82734673538 0 20 3
P 12.087169492 26.1726532646 0 20 3
P 14.624077572 26.7039273445 0 5 2
P 15.375922428 3.29607265553 0 5 2
