P 15 15 0 81 3
P 29.0508920841 10.6243330482 1 100 5
P 0.9491079159 19.3756669518 2 100 5
P 11.0489598756 2.31264535919 0 74 1
P 18.9510401244 27.6873546408 0 74 1
P 19.141996108 4.34908365951 0 80 3
P 10.858003892 25.6509163405 0 80 3
P 4.68237389663 15.4295440212 0 20 3
P 25.3176261034 14.5704559788 0 20 3
P 28.6993996763 12.3557530975 0 75 5
P 1.30060032367 17.6442469025 0 75 5
P 20.7895893447 8.41650336935 0 33 5
P 9.21041065528 21.5834966307 0 33 5
P 12.6668210684 20.3566951702 0 6 2
P 17.3331789316 9.64330482984 0 6 2
P 13.6843741291 22.9176829092 0 28 2
P 16.3156258709 7.08231709076 0 28 2
P 15.1936418068 3.94081939037 0 39 1
P 14.8063581932 26.0591806096 0 39 1
P 22.777874866 4.61452234282 0 29 5
P 7.22212513397 25.3854776572 0 29 5
P 6.94012019724 10.0851215638 0 85 3
P 23.0598798028 19.9148784362 0 85 3
