P 15 15 0 66 0
P 28.0036213821 21.5717877489 1 100 5
P 1.99637861789 8.42821225113 2 100 5
P 9.69997502413 20.1528540749 0 19 1
P 20.3000249759 9.84714592512 0 19 1
P 19.0410351345 12.1185324167 0 63 5
P 10.9589648655 17.8814675833 0 63 5
P 13.6210742437 29.1878321956 0 29 2
P 16.3789257563 0.812167804409 0 29 2
P 6.82055537924 7.35918179234 0 51 2
P 23.1794446208 22.6408182077 0 51 2
P 11.9070984728 7.71674512077 0 16 3
P 18.0929015272 22.2832548792 0 16 3
P 15.0025382454 7.319999973 0 57 2
P 14.9974617546 22.680000027 0 57 2
P 5.48938196303 22.6117768498 0 29 2
P 24.510618037 7.38822315018 0 29 2
P 22.5223054228 17.6204265156 0 75 2
P 7.4776945772 12.3795734844 0 75 2
P 6.97004085634 3.05623440373 0 71 5
P 23.0299591437 26.9437655963 0 71 5
