P 15 15 0 37 3
P 16.1423689062 28.9236615722 1 100 5
P 13.8576310938 1.07633842775 2 100 5
P 1.54202922548 16.1041612347 0 36 1
P 28.4579707745 13.8958387653 0 36 1
P 8.18829259213 15.558867558 0 54 2
P 21.8117074079 14.441132442 0 54 2
P 20.7465944285 28.1294298068 0 12 1
P 9.25340557152 1.87057019322 0 12 1
P 13.5547065463 11.5507241367 0 70 4
P 16.4452934537 18.4492758633 0 70 4
P 18.8032780617 20.5624140717 0 86 1
P 11.1967219383 9.43758592829 0 86 1
P 4.79879947486 6.75697399846 0 72 3
P 25.2012005251 23.2430260015 0 72 3
P 13.5231838012 6.84952346936 0 79 1
P 16.4768161988 23.1504765306 0 79 1
P 22.1675064607 9.59348663913 0 76 4
P 7.83249353926 20.4065133609 0 76 4
P 17.2366234056 14.8531660139 0 46 5
P 12.7633765944 15.1468339861 0 46 5
