P 15 15 0 73 5
P 18.0201033205 26.4061340184 1 100 5
P 3.5361294134 12.2070466373 2 100 5
P 18.0110990509 11.9284870982 0 67 4
P 19.9895089943 9.91038288985 0 82 5
P 21.994566956 7.86509600484 0 17 1
P 22.8671766981 6.97497846445 0 20 3
P 6.32164474944 20.5841116679 0 33 4
P 9.58936365141 23.7875575263 0 33 4
P 25.9210124041 12.5086353912 0 55 4
P 17.2739546801 4.03165738791 0 55 4
P 7.06794942737 24.7967552975 0 40 1
P 5.36272762135 23.1250736456 0 40 1
P 2.95302476495 16.2885595016 0 53 2
P 13.9509775583 27.0701926173 0 53 2
P 14.8022156251 22.8992091041 0 59 5
P 7.10627772982 15.3546432718 0 59 5
P 18.685748095 1.11366773781 0 70 1
P 28.8103846729 11.0391619698 0 70 1
P 10.4274079741 27.9138846061 0 83 1
P 2.17948606352 19.8281917796 0 83 1
P 5.39158467739 16.2414333923 0 5 3
P 13.949658513 24.631177739 0 5 3
