P 15 15 0 5 1
P 17.6991963655 1.84773679586 1 100 5
P 12.3008036345 28.1522632041 2 100 5
P 13.0354716443 3.13369790225 0 37 5
P 16.9645283557 26.8663020978 0 37 5
P 20.2535129664 8.25517677857 0 1 1
P 9.74648703361 21.7448232214 0 1 1
P 7.27561385288 16.6272332994 0 10 4
P 22.7243861471 13.3727667006 0 10 4
P 20.8137357632 2.6644881237 0 95 2
P 9.18626423681 27.3355118763 0 95 2
P 24.3739891698 24.3250669006 0 67 1
P 5.62601083025 5.67493309938 0 67 1
P 22.7920064861 12.3395332431 0 12 1
P 7.20799351385 17.6604667569 0 12 1
P 13.6253322341 17.3779355709 0 41 5
P 16.3746677659 12.6220644291 0 41 5
P 24.6591615227 8.07182330311 0 33 2
P 5.34083847733 21.9281766969 0 33 2
P 28.7960908661 15.6254950589 0 96 3
P 1.20390913393 14.3745049411 0 96 3
P 20.5630626804 19.9000211266 0 65 1
P 9.43693731964 10.0999788734 0 65 1
P 10.2226228498 4.82074380532 0 69 4
P 19.7773771502 25.1792561947 0 69 4
