P 15 15 0 78 0
P 25.6203093173 9.68949639458 1 100 5
P 4.3796906827 20.3105036054 2 100 5
P 11.8466906584 8.69379571704 0 84 5
P 18.1533093416 21.306204283 0 84 5
P 8.97121753381 2.94322735563 0 96 1
P 21.0287824662 27.0567726444 0 96 1
P 4.13257962038 14.2119625556 0 39 4
P 25.8674203796 15.7880374444 0 39 4
P 17.7033297825 1.49272933491 0 90 4
P 12.2966702175 28.5072706651 0 90 4
P 2.65726303525 19.6716469902 0 37 2
P 27.3427369647 10.3283530098 0 37 2
P 12.1906423711 22.3138224903 0 3 1
P 17.8093576289 7.68617750965 0 3 1
P 17.3810416794 12.3575410483 0 96 1
P 12.6189583206 17.6424589517 0 96 1
P 21.0238667166 22.4784898915 0 46 4
P 8.97613328344 7.52151010855 0 46 4
P 23.3144535849 24.7627762513 0 44 2
P 6.68554641513 5.23722374867 0 44 2
