P 15 15 0 56 2
P 20.6726224186 10.3389197233 1 100 5
P 7.68067709472 15.5760439724 2 100 5
P 20.3642678575 23.4952902131 0 22 5
P 17.0270121768 24.8405562387 0 22 5
P 14.9077785061 3.88128300961 0 42 5
P 7.35540561932 6.92568584515 0 42 5
P 21.3947370401 4.44832856359 0 96 4
P 3.07520448909 11.8330323752 0 96 4
P 14.4296224567 8.79029676904 0 39 4
P 11.1043790203 10.1307205932 0 39 4
P 1.36934770211 18.6696646647 0 91 4
P 27.3650327138 8.19066179397 0 91 4
P 6.33832456541 24.1340954874 0 96 2
P 27.5748712974 15.5735272982 0 96 2
P 24.8813858146 7.70302787193 0 3 4
P 2.82048060382 16.5958994747 0 3 4
P 22.7461755224 4.69724531902 0 86 2
P 2.27420389955 12.9496090982 0 86 2
P 14.6834840187 11.6390591029 0 66 2
P 12.8971562346 12.359137607 0 66 2
P 24.5352347712 21.0927726646 0 27 3
P 12.3558951072 26.0023311258 0 27 3
P 16.3285965833 5.36631708818 0 32 5
P 7.36169132178 8.98092566396 0 32 5
P 19.8162971001 13.3412552523 0 25 5
P 10.3797820156 17.1451661173 0 25 5
P 3.74896308815 17.0973283358 0 43 2
P 24.5602209832 8.70819640382 0 43 2
