P 15 15 0 37 2
P 13.7440193548 20.8918594333 1 100 5
P 16.2559806452 9.10814056671 2 100 5
P 1.59648571346 12.1427433543 0 28 4
P 28.4035142865 17.8572566457 0 28 4
P 9.89809174465 20.5138353779 0 6 4
P 20.1019082553 9.48616462205 0 6 4
P 12.8837088302 19.1515490778 0 71 5
P 17.1162911698 10.8484509222 0 71 5
P 8.13395027138 10.9084725347 0 28 4
P 21.8660497286 19.0915274653 0 28 4
P 17.8845033063 24.7436886674 0 56 5
P 12.1154966937 5.25631133263 0 56 5
P 17.3119310208 3.84860605024 0 39 3
P 12.6880689792 26.1513939498 0 39 3
P 26.5411042756 13.2192982182 0 61 1
P 3.45889572443 16.7807017818 0 61 1
P 10.7151950205 26.3645862635 0 81 1
P 19.2848049795 3.63541373654 0 81 1
P 6.34836282169 27.2273431589 0 6 5
P 23.6516371783 2.77265684114 0 6 5
P 10.2938544486 19.3706935067 0 7 5
P 19.7061455514 10.6293064933 0 7 5
P 14.2251716973 25.9237130663 0 84 3
P 15.7748283027 4.07628693373 0 84 3
P 21.4628007782 23.5443000576 0 39 2
P 8.53719922184 6.45569994236 0 39 2
P 6.76281480454 23.4842938273 0 34 2
P 23.2371851955 6.51570617268 0 34 2
