P 15 15 0 44 1
P 13.0709645877 28.7603755376 1 100 5
P 16.9290354123 1.23962446235 2 100 5
P 4.43389527479 13.5187620695 0 93 5
P 25.5661047252 16.4812379305 0 93 5
P 7.21889486617 13.9091847596 0 95 4
P 22.7811051338 16.0908152404 0 95 4
P 3.30200463205 15.4756187398 0 75 3
P 26.6979953679 14.5243812602 0 75 3
P 18.5601633307 25.9460152089 0 55 3
P 11.4398366693 4.05398479109 0 55 3
P 13.7579497263 5.97153249077 0 66 1
P 16.2420502737 24.0284675092 0 66 1
P 16.1567151569 4.7611878249 0 36 5
P 13.8432848431 25.2388121751 0 36 5
P 23.7493307822 8.87120647558 0 44 5
P 6.25066921784 21.1287935244 0 44 5
P 20.7657187862 26.7359325885 0 79 2
P 9.23428121383 3.26406741154 0 79 2
P 7.66534827414 1.93924756742 0 37 1
P 22.3346517259 28.0607524326 0 37 1
P 7.77735863193 25.8721610522 0 4 3
P 22.2226413681 4.12783894776 0 4 3
