P 15 15 0 47 2
P 19.21659459 17.3664907265 1 100 5
P 10.78340541 12.6335092735 2 100 5
P 7.76766787042 27.8865125858 0 99 3
P 22.2323321296 2.11348741419 0 99 3
P 23.7598743941 13.1313780694 0 3 5
P 6.24012560594 16.8686219306 0 3 5
P 6.10795459133 3.20891790232 0 81 3
P 23.8920454087 26.7910820977 0 81 3
P 24.0180210122 5.79800980709 0 25 3
P 5.98197898781 24.2019901929 0 25 3
P 18.8272020652 9.84826551422 0 31 5
P 11.1727979348 20.1517344858 0 31 5
P 28.1533369895 10.434632744 0 38 1
P 1.84666301053 19.565367256 0 38 1
P 25.720567733 20.4776738145 0 82 4
P 4.27943226696 9.52232618553 0 82 4
P 27.4422717637 15.8715428259 0 34 5
P 2.55772823632 14.1284571741 0 34 5
P 11.3349041047 5.14387390733 0 54 4
P 18.6650958953 24.8561260927 0 54 4
P 2.88068338704 10.7038509234 0 86 2
P 27.119316613 19.2961490766 0 86 2
