P 15 15 0 49 5
P 18.0287383803 3.4429141354 1 100 5
P 4.0641857169 19.8111802942 2 100 5
P 15.7625857098 15.6505984325 0 3 4
P 22.4216207334 21.3317404894 0 17 3
P 25.3696431028 23.8468397205 0 87 5
P 19.546762788 8.85646196039 0 53 5
P 9.64925598065 20.4576231029 0 53 5
P 16.0435866405 12.7378384598 0 8 5
P 12.9304377543 16.3868525593 0 8 5
P 3.06484272958 17.4486986232 0 81 3
P 15.538346206 2.82813541894 0 81 3
P 24.7138992 12.6939682439 0 4 1
P 14.2526913586 24.9558600795 0 4 1
P 13.8892067981 2.23872005104 0 50 5
P 2.22304403878 15.9129752671 0 50 5
P 2.61252763846 10.6530412958 0 34 3
P 8.75626608709 3.45178332779 0 34 3
P 11.5790183625 21.9032297944 0 8 1
P 21.2782648198 10.5344554856 0 8 1
P 8.6645683302 12.3779184256 0 67 4
P 11.4128127753 9.15661963928 0 67 4
P 6.57910807886 13.0344420846 0 56 4
P 11.7326818476 6.9937854914 0 56 4
P 25.3566680471 11.8786702551 0 24 1
P 13.5488053903 25.7190161218 0 24 1
P 0.408583243998 18.2585934754 0 36 1
P 15.9197712238 0.0774702117611 0 36 1
