P 15 15 0 31 1
P 24.8477448378 18.2665086049 1 100 5
P 5.15225516218 11.7334913951 2 100 5
P 25.8732802967 12.6521652789 0 22 3
P 4.12671970333 17.3478347211 0 22 3
P 11.6863351454 26.9456676542 0 61 3
P 18.3136648546 3.05433234577 0 61 3
P 14.8057969427 20.70464473 0 17 2
P 15.1942030573 9.29535526999 0 17 2
P 18.67753743 12.2053323256 0 35 1
P 11.32246257 17.7946676744 0 35 1
P 12.0339253586 28.7326582767 0 55 1
P 17.9660746414 1.26734172328 0 55 1
P 18.9852916306 26.1469794664 0 49 3
P 11.0147083694 3.85302053357 0 49 3
P 16.8507422658 24.261669113 0 40 1
P 13.1492577342 5.73833088697 0 40 1
P 1.25742728996 16.4314785081 0 11 1
P 28.74257271 13.5685214919 0 11 1
P 9.04983291249 8.16812925918 0 3 4
P 20.9501670875 21.8318707408 0 3 4
P 22.8790573072 16.5693196995 0 2 3
P 7.1209426928 13.4306803005 0 2 3
