P 15 15 0 29 5
P 8.03163804938 11.3138599121 1 100 5
P 18.3617240381 7.86946646356 2 100 5
P 5.02130883325 11.0860213904 0 32 2
P 20.632926887 5.88058989608 0 32 2
P 9.75730559968 16.1033702624 0 7 4
P 19.8557708994 12.7362068374 0 7 4
P 20.3225169165 2.95709585626 0 8 3
P 3.51508660102 8.56125083888 0 8 3
P 3.44638508851 10.5407040029 0 7 2
P 21.5654271998 4.4992141248 0 7 2
P 14.3668822943 7.83490862239 0 20 1
P 11.2063409398 8.8887379852 0 20 1
P 5.85277946054 9.17297463383 0 10 5
P 18.8197369659 4.84936072325 0 10 5
