P 15 15 0 44 2
P 29.3818201425 18.8953728402 1 100 5
P 0.618179857489 11.1046271598 2 100 5
P 15.1726705232 12.8223491292 0 55 1
P 14.8273294768 17.1776508708 0 55 1
P 14.3844690474 21.2451851505 0 55 1
P 15.6155309526 8.75481484946 0 55 1
P 13.3290812728 3.93568631409 0 60 1
P 16.6709187272 26.0643136859 0 60 1
P 25.5061847752 17.4902807268 0 98 4
P 4.49381522484 12.5097192732 0 98 4
P 21.1683837881 16.5749915104 0 91 4
P 8.83161621188 13.4250084896 0 91 4
P 27.5310164861 9.89752671753 0 100 2
P 2.46898351389 20.1024732825 0 100 2
P 2.75028309271 18.0577963522 0 68 1
P 27.2497169073 11.9422036478 0 68 1
P 21.926316092 26.4475900432 0 98 4
P 8.07368390805 3.55240995677 0 98 4
