P 15 15 0 94 4
P 8.10905002758 18.2921509583 1 100 5
P 21.8909499724 11.7078490417 2 100 5
P 11.3316263799 7.32156136943 0 48 3
P 18.6683736201 22.6784386306 0 48 3
P 20.9449879331 18.7906984133 0 59 3
P 9.05501206695 11.2093015867 0 59 3
P 20.838889688 22.2928757854 0 48 5
P 9.161110312 7.70712421456 0 48 5
P 7.97659703369 25.1772987757 0 34 2
P 22.0234029663 4.82270122433 0 34 2
P 0.626170158233 12.5003613937 0 22 5
P 29.3738298418 17.4996386063 0 22 5
P 13.7240471883 6.06428920856 0 17 3
P 16.2759528117 23.9357107914 0 17 3
P 7.94918552526 27.7275104464 0 16 2
P 22.0508144747 2.27248955362 0 16 2
P 21.1546006671 24.7971724154 0 17 4
P 8.8453993329 5.20282758456 0 17 4
P 17.2724424716 9.27071370916 0 77 2
P 12.7275575284 20.7292862908 0 77 2
P 9.865606871 9.74241639823 0 91 5
P 20.134393129 20.2575836018 0 91 5
