P 15 15 0 60 2
P 13.4048599709 7.76150948718 1 100 5
P 22.3914854182 14.4466827954 2 100 5
P 5.17175480573 4.21232099536 0 49 4
P 28.1578893524 21.3117643884 0 49 4
P 8.92703055053 26.1923679557 0 39 2
P 6.02620090979 24.0344334785 0 39 2
P 25.6187952493 20.731525875 0 28 1
P 6.4574994914 6.47738969198 0 28 1
P 8.64174423524 17.4156259555 0 75 3
P 14.5144004499 21.7843097073 0 75 3
P 29.4020960761 11.3284301844 0 6 2
P 14.3758646151 0.150378748355 0 6 2
P 14.1316003307 10.9171691448 0 60 2
P 19.1601191432 14.6578969566 0 60 2
P 7.79528264769 7.32055984828 0 53 1
P 24.4266041585 19.6926418157 0 53 1
P 3.85884184735 7.21626669725 0 70 4
P 25.658243831 23.4328967472 0 70 4
P 2.1804889978 20.0171034745 0 63 4
P 13.8804091537 28.7207035514 0 63 4
P 16.9093706866 23.3298530618 0 90 4
P 6.47288742824 15.5661268757 0 90 4
P 3.37799472793 20.8750211483 0 12 4
P 12.7144237878 27.8204142451 0 12 4
