P 15 15 0 79 4
P 15.3313154341 1.09406368339 1 100 5
P 5.40256415315 4.93153140124 2 100 5
P 11.041956708 4.7592813036 0 36 5
P 11.8160308074 6.76205755368 0 9 4
P 2.88702156167 18.2276092973 0 37 4
P 26.1350686418 9.24222657911 0 37 4
P 17.8828557579 12.7183964482 0 70 5
P 11.3320404902 15.2502900775 0 70 5
P 4.58662787663 17.0906994081 0 81 3
P 24.1126376195 9.54388612552 0 81 3
P 15.4869696933 27.8369173598 0 28 2
P 23.2728984557 24.8276516995 0 28 2
P 17.9519564551 13.7247089836 0 27 4
P 11.9576827973 16.041498981 0 27 4
