P 15 15 0 59 5
P 13.1704940032 27.3649416396 1 100 5
P 25.8839482842 21.1464252773 2 100 5
P 27.0832224531 19.7344863495 0 55 4
P 11.3196995578 27.4448790472 0 55 4
P 13.9907149189 6.40890668295 0 7 4
P 8.83780190523 8.92934473076 0 7 4
P 16.559064747 13.4506996253 0 99 3
P 12.8199034371 15.2796310292 0 99 3
P 19.4661970895 9.61412329137 0 49 5
P 8.00668239526 15.2193017153 0 49 5
P 15.0025853162 23.0709669121 0 15 1
P 21.3696081803 19.9566727963 0 15 1
P 14.2621883478 18.9456049751 0 44 2
P 18.5675781142 16.839714938 0 44 2
P 15.3557549276 12.7525820797 0 33 2
P 13.0075035228 13.9011794208 0 33 2
P 21.4239103717 5.28792420572 0 12 3
P 3.38978725558 14.1089328158 0 12 3
P 21.019137224 4.04856624461 0 91 4
P 2.65992555966 13.0285850192 0 91 4
P 10.5898312733 3.68687379108 0 82 5
P 8.77678365524 4.57368755774 0 82 5
P 24.0770626042 9.34432153946 0 38 4
P 4.9631683362 18.693477294 0 38 4
P 11.066666049 14.3000756172 0 24 4
P 16.8620900493 11.4653669554 0 24 4
