P 15 15 0 34 0
P 24.6549235716 20.1191347515 1 100 5
P 14.4822005921 25.9158130046 2 100 5
P 10.7243189947 7.49650980829 0 14 2
P 12.1002852374 9.9112243751 0 39 5
P 14.0934723404 13.4091139181 0 67 3
P 19.1829328413 3.50704037148 0 25 1
P 2.98016137511 12.739794786 0 25 1
P 8.40342115162 18.5917191226 0 55 2
P 21.4527520551 11.1558759549 0 55 2
P 8.76962929019 17.0663432704 0 56 5
P 19.9537752781 10.6933302672 0 56 5
P 15.8009641986 26.9462778244 0 44 2
P 24.869168938 21.7789823704 0 44 2
P 22.8468024381 26.3424119367 0 50 4
P 20.7578703925 27.53273895 0 50 4
