P 15 15 0 24 0
P 20.4235482387 7.02537598589 1 100 5
P 16.1495321575 5.42461073989 2 100 5
P 19.8350422821 2.09051903854 0 15 3
P 17.7842004669 7.56623193282 0 24 4
P 22.360351151 21.1800943372 0 15 5
P 5.39075963792 14.8244017481 0 15 5
P 28.7253204566 9.09831968938 0 72 5
P 8.52856016071 1.53394198252 0 72 5
P 12.4619423559 0.75570591516 0 56 2
P 26.2709394112 5.92764774886 0 56 2
P 21.7955938234 15.8095164172 0 57 1
P 9.34459741874 11.1461922873 0 57 1
P 12.6356826584 15.9794624928 0 61 1
P 16.1391771553 17.2916410442 0 61 1
P 2.16218702245 7.42894442617 0 48 5
P 29.6527840626 17.7251135322 0 48 5
P 3.15112176165 14.4023031272 0 63 2
P 24.3262363432 22.3331079857 0 63 2
P 27.9473061208 13.0327099296 0 78 5
P 6.53057892396 5.01141288051 0 78 5
P 15.821787601 3.5780755134 0 31 4
P 21.8836783435 5.84846098723 0 31 4
P 4.42447045452 13.0127630708 0 17 4
P 24.2789951363 20.4489618315 0 17 4
