P 15 15 0 44 1
P 12.5090859073 23.8183605028 1 100 5
P 15.9212750118 24.1169834554 2 100 5
P 13.9911011897 26.5280941986 0 31 1
P 13.7205118188 29.619960027 0 25 5
P 14.2222631266 23.8867425025 0 18 2
P 18.1580051645 7.62522920989 0 4 3
P 13.1710195811 7.18878553277 0 4 3
P 10.3218456434 11.2888375761 0 20 3
P 20.2516764814 12.1578619219 0 20 3
P 22.6955716321 25.4163273044 0 93 1
P 5.61207168208 23.9212386558 0 93 1
P 12.0121025906 4.5956060566 0 9 5
P 19.749746611 5.27277781739 0 9 5
P 19.5145239739 8.40448835805 0 35 5
P 11.6997629939 7.72056758849 0 35 5
P 12.7496313349 3.24823796504 0 45 4
P 19.2574710757 3.81778152178 0 45 4
P 11.2424349972 19.3192197663 0 92 5
P 17.9501831405 19.9062586129 0 92 5
