P 15 15 0 16 3
P 0.22122297768 16.7875689854 1 100 5
P 20.6367000082 28.7780719323 2 100 5
P 22.337476511 2.50693913046 0 67 2
P 18.4848813181 9.06651123659 0 85 4
P 20.8127195197 5.10304718946 0 29 5
P 17.122956619 11.3853749685 0 95 1
P 21.8004819327 3.42124610545 0 63 2
P 8.47186355693 7.12707515698 0 89 3
P 25.0555256321 16.8670605948 0 89 3
P 18.3971191034 14.8709120611 0 23 5
P 13.4581943129 11.9701621954 0 23 5
P 10.8201423934 25.2797940434 0 36 2
P 8.05763929225 23.6573092234 0 36 2
P 17.4781813041 27.2809822642 0 17 2
P 3.0670860349 18.816997806 0 17 2
P 21.108183173 19.0622049086 0 8 3
P 8.47720604879 11.6437268489 0 8 3
P 4.41842633824 21.812021002 0 82 1
P 14.2042336006 27.5594620557 0 82 1
P 26.1817864199 23.0646914819 0 68 2
P 2.51045518121 9.16194668936 0 68 2
P 16.3141061222 1.3636309932 0 70 3
P 26.26966509 7.21077132516 0 70 3
P 17.1186686396 24.0202812332 0 53 2
P 6.09000650399 17.542881482 0 53 2
P 10.2888757536 3.93627294941 0 24 4
P 26.9573336222 13.7260610055 0 24 4
P 15.6587559176 17.0202775074 0 66 3
P 12.9146923274 15.4086226577 0 66 3
