P 15 15 0 3 3
P 7.85071767754 17.7063103417 1 100 5
P 14.1104322154 7.40756807417 2 100 5
P 26.1814299688 21.7962240351 0 72 3
P 25.3173943143 21.2710515037 0 33 2
P 21.0890593024 6.74310626541 0 2 4
P 10.4742220562 24.2070772418 0 2 4
P 10.3691510287 15.4567288805 0 73 2
P 13.2731381548 10.6789686841 0 73 2
P 22.8707821688 8.94336214624 0 56 4
P 13.2477544159 24.7755669633 0 56 4
P 17.066076403 11.6412278111 0 23 5
P 12.969805983 18.3805819874 0 23 5
P 12.2188478716 4.44236293022 0 50 2
P 4.34756624964 17.3925222784 0 50 2
P 17.2815523017 19.2689463177 0 53 1
P 19.8400233702 15.0596434855 0 53 1
