P 15 15 0 27 5
P 7.65784136322 19.887320543 1 100 5
P 10.2852810633 7.54583197895 2 100 5
P 25.0768354006 24.6427640965 0 25 1
P 28.1307592352 10.2980139282 0 25 1
P 17.6332409133 2.38833695944 0 5 2
P 12.2678088327 27.5905970383 0 5 2
P 3.23466035629 16.2087734114 0 47 4
P 4.7472946073 9.10369758048 0 47 4
P 22.7469560793 3.42074367572 0 31 5
P 17.3586007846 28.7306776183 0 31 5
P 20.7627526268 4.45878738426 0 97 2
P 15.9692877433 26.9744295279 0 97 2
P 8.77507593939 22.2255120932 0 72 2
P 12.2580419848 5.86548464274 0 72 2
P 24.2136821314 24.1287910438 0 55 5
P 27.133101337 10.4158298149 0 55 5
P 19.6404371627 25.4243267123 0 82 1
P 23.484147027 7.36983003534 0 82 1
P 15.9841745522 23.6097795198 0 22 3
P 19.4058325539 7.53772538459 0 22 3
P 18.9429495912 4.57116590855 0 62 3
P 14.3530693541 26.1305396421 0 62 3
P 16.1707431437 28.23142299 0 62 5
P 21.4587467582 3.39285633059 0 62 5
P 4.31376946623 21.773018911 0 20 3
P 7.99929810912 4.46152377121 0 20 3
