P 15 15 0 3 5
P 13.7002236164 0.597375677859 1 100 5
P 22.1117250256 2.40840069042 2 100 5
P 17.3991014024 3.85711423809 0 80 1
P 9.29306783163 4.14954345416 0 6 3
P 24.6665658106 7.45951013146 0 6 3
P 18.7326123673 0.927791383308 0 60 5
P 17.3892492426 0.638560709561 0 60 5
P 19.4496178415 1.87135918151 0 91 4
P 16.3474666328 1.20345541993 0 91 4
P 25.0839805972 23.243318916 0 10 2
P 2.41712475619 18.3630673548 0 10 2
P 3.39390037829 8.07584635858 0 95 5
P 28.4272524187 13.4656126427 0 95 5
P 4.55229497339 17.7924265622 0 7 3
P 23.3728305459 21.8445522189 0 7 3
P 3.22157796743 21.1673327721 0 31 4
P 23.1967653273 25.4680589064 0 31 4
P 18.364514498 8.64544349443 0 77 3
P 14.5486858677 7.82388254388 0 77 3
P 12.7975347307 21.4305615431 0 78 3
P 14.3609485688 21.7671698877 0 78 3
P 1.82226949927 15.7281458332 0 4 4
P 26.710478982 21.0866624284 0 4 4
P 6.7161129702 21.6673072174 0 76 5
P 19.8061050098 24.4856272586 0 76 5
