P 15 15 0 49 1
P 26.1065225374 15.1587468593 1 100 5
P 3.89347746257 14.8412531407 2 100 5
P 14.8767535489 23.6227815313 0 34 4
P 15.1232464511 6.37721846869 0 34 4
P 10.1156520624 25.9339782728 0 91 5
P 19.8843479376 4.06602172724 0 91 5
P 18.1498732503 25.5116974661 0 23 1
P 11.8501267497 4.48830253391 0 23 1
P 14.5400620564 17.7678616732 0 36 5
P 15.4599379436 12.2321383268 0 36 5
P 14.2147465028 3.84053579907 0 31 4
P 15.7852534972 26.1594642009 0 31 4
P 20.8399468547 20.1904150092 0 83 5
P 9.16005314526 9.80958499078 0 83 5
P 18.841896408 6.30540502678 0 75 4
P 11.158103592 23.6945949732 0 75 4
