P 15 15 0 76 5
P 23.5110080366 19.4791044015 1 100 5
P 9.80493218432 6.90611932207 2 100 5
P 22.852984823 6.43929584183 0 94 4
P 16.7218100443 13.1230186053 0 14 2
P 17.7365947789 12.0167803923 0 27 3
P 19.6604238186 9.91957383569 0 56 2
P 21.8927076189 7.48611424778 0 95 1
P 28.1912446689 8.40689942765 0 54 5
P 20.433191773 1.29021013185 0 54 5
P 16.7761001153 0.928262848674 0 73 3
P 28.8666336444 12.0192636065 0 73 3
P 20.881601839 9.37313602953 0 76 1
P 20.0997204173 8.65589328593 0 76 1
P 12.9495555536 29.6820607005 0 99 2
P 0.548922188351 18.3065962745 0 99 2
P 20.1444743422 21.632139436 0 37 1
P 7.94966300259 10.4454815865 0 37 1
P 15.9192991131 8.02853339206 0 8 4
P 21.8664641037 13.4840421385 0 8 4
P 2.92840911378 22.5328461743 0 49 2
P 8.53417590118 27.6751803432 0 49 2
P 13.7662521912 10.2348364375 0 18 1
P 19.8536734536 15.8190063728 0 18 1
P 5.21832774772 24.3222512864 0 14 4
P 6.55430664003 25.5477838794 0 14 4
P 6.2630246559 4.97182546013 0 10 1
P 25.7429935465 22.8413718459 0 10 1
