P 15 15 0 35 2
P 4.04102690687 19.5582667537 1 100 5
P 5.57849716949 7.78112394702 2 100 5
P 23.5715981165 16.1189961287 0 59 1
P 26.0901312617 16.4477829898 0 8 5
P 20.1748492977 15.6755608758 0 79 5
P 12.5526049015 2.48049822724 0 41 2
P 9.4206350952 26.4716326068 0 41 2
P 17.8835067515 28.6074862844 0 94 1
P 21.2801668503 2.58880350254 0 94 1
P 20.2510183736 10.3634728509 0 49 2
P 18.8847527938 20.8291743579 0 49 2
P 11.3920324787 24.8798950036 0 67 1
P 14.0493041819 4.52498532798 0 67 1
P 13.5100563449 20.5937109077 0 100 5
P 14.9960008569 9.21125939249 0 100 5
P 21.9910079365 6.96654773165 0 32 5
P 19.6943740512 24.5589434345 0 32 5
P 3.96027815875 10.2026160332 0 80 3
P 3.09868320324 16.8025009736 0 80 3
P 13.0613921685 29.4449281872 0 16 4
P 16.8346470221 0.541500044508 0 16 4
P 21.5347999671 12.5160415493 0 84 4
P 20.6781147621 19.0783174157 0 84 4
P 9.27320435725 17.4263318156 0 32 3
P 10.0880163776 11.1848078284 0 32 3
