P 15 15 0 43 5
P 27.177360827 22.8441509947 1 100 5
P 28.3425906031 9.36137449916 2 100 5
P 9.7221890586 4.48882324098 0 69 2
P 7.997087217 24.4498326835 0 69 2
P 0.903007013794 16.6993478082 0 32 2
P 1.40357752811 10.9072881616 0 32 2
P 20.4664572615 11.1216729567 0 17 5
P 19.7200163429 19.7586785318 0 17 5
P 19.5953653727 15.9723744793 0 42 3
P 19.6940545348 14.8304504197 0 42 3
P 13.5672463452 2.36571557256 0 39 1
P 11.4208800903 27.2011403853 0 39 1
P 18.1527560696 22.8470183656 0 44 3
P 19.4522885234 7.81023679332 0 44 3
P 6.09212975913 15.1059131485 0 49 5
P 6.24238069994 13.3673720514 0 49 5
P 18.0316944219 24.2516624108 0 61 5
P 19.5740106688 6.40564983071 0 61 5
P 25.2399945925 24.795323659 0 32 2
P 26.7687046757 7.10674686243 0 32 2
P 2.94013706679 21.4531902321 0 38 4
P 4.22609881256 6.57343419042 0 38 4
