P 15 15 0 87 3
P 2.43029378782 15.9459030965 1 100 5
P 27.5697062122 14.0540969035 2 100 5
P 26.4308685278 8.73729336012 0 76 3
P 3.56913147221 21.2627066399 0 76 3
P 6.59686672608 14.0842687232 0 41 3
P 23.4031332739 15.9157312768 0 41 3
P 8.89071821689 16.2926336986 0 70 1
P 21.1092817831 13.7073663014 0 70 1
P 13.4082795702 2.64195682374 0 47 4
P 16.5917204298 27.3580431763 0 47 4
P 4.29537589645 11.4608632443 0 81 1
P 25.7046241035 18.5391367557 0 81 1
P 8.49510675871 18.9029342635 0 68 4
P 21.5048932413 11.0970657365 0 68 4
P 23.1980969667 7.95474508221 0 36 1
P 6.8019030333 22.0452549178 0 36 1
P 9.91427472454 10.0580279406 0 57 3
P 20.0857252755 19.9419720594 0 57 3
P 11.5042585792 6.16220570136 0 40 5
P 18.4957414208 23.8377942986 0 40 5
P 16.9916511716 12.9445784859 0 10 4
P 13.0083488284 17.0554215141 0 10 4
P 22.2003012179 25.7635294493 0 55 5
P 7.79969878212 4.23647055065 0 55 5
