P 15 15 0 43 2
P 25.5896853052 14.9605372112 1 100 5
P 15.7436721142 25.5636141524 2 100 5
P 4.83112469195 5.55718627947 0 86 5
P 5.63359171428 6.30235684939 0 32 5
P 8.66181808425 9.11436669797 0 24 1
P 6.66294107213 7.25821026926 0 41 1
P 7.39784559783 7.94064233067 0 75 3
P 11.4152883331 26.4289892379 0 64 1
P 26.1326403006 10.5800144035 0 64 1
P 21.2305399163 16.6142566445 0 80 4
P 17.0705387875 21.0941218639 0 80 4
P 19.0764265368 20.0808493433 0 92 5
P 20.3683613946 18.6895771162 0 92 5
P 18.0817332888 26.3420255088 0 41 2
P 26.5388476532 17.2346403603 0 41 2
P 13.6753204628 28.9599675957 0 3 1
P 28.8238023648 12.6467130799 0 3 1
P 15.7743003338 11.674508106 0 27 2
P 11.7408652314 16.0180755885 0 27 2
