P 15 15 0 70 3
P 11.6981488722 24.9630563156 1 100 5
P 7.41072455792 7.74964757524 2 100 5
P 6.58298768368 23.2178789879 0 35 5
P 3.71173629034 11.690206379 0 35 5
P 16.8626577969 11.1956319725 0 38 3
P 18.4294862367 17.4862289334 0 38 3
P 12.3744827504 21.1138051033 0 75 1
P 9.81353586538 10.8319616785 0 75 1
P 18.3864129399 13.207998452 0 16 5
P 18.8313221014 14.9942464853 0 16 5
P 21.9279734145 4.32181872305 0 93 3
P 26.127192676 21.1810965181 0 93 3
P 6.80862719683 26.718544996 0 51 2
P 2.26902612485 8.49268185699 0 51 2
