P 15 15 0 47 3
P 25.8733819729 17.0707979907 1 100 5
P 15.6833802822 3.95230199375 2 100 5
P 7.96088234763 20.467747278 0 40 3
P 13.9035055964 15.8517195743 0 45 4
P 4.83871383496 22.8929416319 0 67 3
P 6.3110323346 21.7492946769 0 38 1
P 11.9496944241 17.3693736678 0 48 1
P 28.3639322308 17.867714087 0 25 2
P 15.5273358104 1.34202117083 0 25 2
P 13.1317812474 26.5057539811 0 78 2
P 3.38969773001 13.9639029095 0 78 2
P 2.55480936436 14.868814126 0 44 4
P 12.0484635543 27.0908400163 0 44 4
P 26.8982960056 9.61155016017 0 87 5
P 23.1643302966 4.80448381294 0 87 5
P 0.612312627863 18.1073883841 0 89 2
P 8.43001821967 28.1718164994 0 89 2
P 8.76517171616 24.6063786192 0 69 2
P 4.14984390036 18.6646563984 0 69 2
P 13.4607356456 23.8110563847 0 6 1
P 6.08201826245 14.3117768565 0 6 1
P 14.8818515215 17.2470994873 0 17 4
P 12.7935143832 14.5585972456 0 17 4
P 18.8098970416 28.840180399 0 69 3
P 2.53245765707 7.88478413044 0 69 3
P 1.89351048259 17.9776396946 0 51 1
P 8.87267221612 26.9625356781 0 51 1
P 9.30590417886 15.5668082267 0 48 2
P 13.0422242061 20.3769054973 0 48 2
