P 15 15 0 98 0
P 7.77990092108 6.66163686006 1 100 5
P 18.1210325661 4.42090333327 2 100 5
P 23.889162797 20.7062573075 0 33 1
P 9.27009857185 23.8739403488 0 33 1
P 1.14917803216 14.3535844073 0 58 5
P 27.3409603672 8.67830564492 0 58 5
P 9.02354554977 1.95426233362 0 35 2
P 15.0404128022 0.650517575148 0 35 2
P 16.2690465837 26.2835707743 0 73 4
P 18.5153719256 25.79683328 0 73 4
P 4.27354287114 25.4693149526 0 73 1
P 29.0979451071 20.090322374 0 73 1
P 6.06188572661 13.0725231557 0 18 2
P 22.3386090658 9.54565579296 0 18 2
P 25.6482149499 14.0308572734 0 78 1
P 4.90567585569 18.525384988 0 78 1
P 18.2381063041 9.40541441454 0 26 4
P 9.73656109871 11.2475433058 0 26 4
P 1.57781162717 12.5454839118 0 80 2
P 26.2023461136 7.20979900813 0 80 2
P 14.9214571489 21.6211865873 0 85 2
P 17.8121991424 20.9948158259 0 85 2
P 9.97377165389 3.41080264942 0 80 1
P 14.7783174638 2.36974570838 0 80 1
P 10.8905302794 2.8359629782 0 37 4
P 13.7058408777 2.22593681642 0 37 4
