P 15 15 0 59 5
P 12.9440855785 23.777989603 1 100 5
P 23.5851229357 17.7523716606 2 100 5
P 21.0973159717 25.7676536503 0 49 2
P 12.7599627282 27.1664855465 0 47 1
P 26.5856372571 19.337527738 0 47 1
P 19.4503467755 8.4431899513 0 38 2
P 7.08794548502 15.4435513378 0 38 2
P 7.18930805426 25.7897734879 0 78 4
P 28.2705974086 13.8522347763 0 78 4
P 5.33440041164 18.3950407596 0 84 3
P 22.8834211716 8.45769247177 0 84 3
P 21.2572625043 20.6033004399 0 84 1
P 16.5863534988 23.2482599646 0 84 1
P 4.28964275078 10.6668001049 0 49 2
P 16.7935024759 3.58633614454 0 49 2
P 11.0063836993 17.797059652 0 2 2
P 19.4529413176 13.0140927825 0 2 2
P 17.8140402094 29.1971034732 0 70 5
P 25.7271619317 24.7162012238 0 70 5
P 13.9038169786 2.1280007333 0 11 1
P 4.52550991562 7.43858215606 0 11 1
P 25.0384813879 14.1568541525 0 64 4
P 9.11314230046 23.1747727748 0 64 4
