P 15 15 0 58 4
P 7.28111075114 4.98899414611 1 100 5
P 22.7188892489 25.0110058539 2 100 5
P 7.44431298288 20.8257394047 0 70 3
P 22.5556870171 9.17426059525 0 70 3
P 4.96867434095 22.7345566381 0 50 1
P 25.0313256591 7.26544336188 0 50 1
P 15.8109757292 25.1092224689 0 30 1
P 14.1890242708 4.89077753115 0 30 1
P 10.0103864826 22.8793818219 0 8 4
P 19.9896135174 7.12061817812 0 8 4
P 3.83411744501 23.5392429993 0 65 5
P 26.165882555 6.46075700069 0 65 5
P 24.5655339358 15.3553708233 0 64 2
P 5.4344660642 14.6446291767 0 64 2
P 28.6521404308 12.6954559258 0 90 1
P 1.34785956925 17.3045440742 0 90 1
P 23.6972131033 23.5645408864 0 3 5
P 6.30278689666 6.43545911359 0 3 5
P 13.3316217044 18.6171231188 0 8 2
P 16.6683782956 11.3828768812 0 8 2
P 10.6115954728 27.8727520828 0 47 4
P 19.3884045272 2.12724791719 0 47 4
P 24.4735352755 21.894544049 0 6 2
P 5.52646472446 8.10545595103 0 6 2
