P 15 15 0 29 5
P 20.0304189921 5.48157288163 1 100 5
P 7.65265869067 7.13093743014 2 100 5
P 19.1539332439 28.8922621684 0 1 3
P 14.6287670479 29.4952507963 0 1 3
P 9.86569452597 1.12298744167 0 96 2
P 16.3213904674 0.262751359992 0 96 2
P 23.4254953973 14.4851789521 0 27 5
P 6.73368500649 16.7094004298 0 27 5
P 18.5534336417 1.48682494337 0 68 5
P 8.03206328354 2.8888213343 0 68 5
P 22.2924414973 13.0669039131 0 17 5
P 7.45582113424 15.0439171247 0 17 5
P 7.37396082397 18.356947845 0 86 3
P 23.2389790745 16.2428982895 0 86 3
