P 15 15 0 61 1
P 6.97481434677 13.9054566295 1 100 5
P 23.0251856532 16.0945433705 2 100 5
P 5.63519675737 10.5011439201 0 25 1
P 24.3648032426 19.4988560799 0 25 1
P 22.1874663551 18.7225717947 0 79 3
P 7.81253364493 11.2774282053 0 79 3
P 26.8718820888 20.5471025055 0 82 5
P 3.1281179112 9.45289749452 0 82 5
P 6.2458495925 22.7507699096 0 29 3
P 23.7541504075 7.24923009037 0 29 3
P 11.5603487864 22.607308494 0 43 5
P 18.4396512136 7.39269150596 0 43 5
P 4.91567529994 18.7066165472 0 4 4
P 25.0843247001 11.2933834528 0 4 4
P 16.5654132581 9.00486316077 0 11 1
P 13.4345867419 20.9951368392 0 11 1
P 2.07956246054 15.1698588137 0 29 5
P 27.9204375395 14.8301411863 0 29 5
P 1.69868426856 20.0493600465 0 43 4
P 28.3013157314 9.95063995352 0 43 4
