P 15 15 0 41 3
P 24.2881810949 21.732869799 1 100 5
P 5.71181890505 8.26713020102 2 100 5
P 12.6406915067 18.254731667 0 28 2
P 17.3593084933 11.745268333 0 28 2
P 13.0294696342 27.0991127197 0 96 5
P 16.9705303658 2.90088728034 0 96 5
P 21.2874489956 26.6753472331 0 78 2
P 8.71255100435 3.32465276688 0 78 2
P 5.67269660448 14.4788686418 0 19 2
P 24.3273033955 15.5211313582 0 19 2
P 20.0521098643 21.5569723957 0 45 1
P 9.94789013572 8.44302760435 0 45 1
P 24.8680818384 5.72558103943 0 74 3
P 5.13191816161 24.2744189606 0 74 3
P 27.1020283178 20.4039607219 0 98 1
P 2.89797168223 9.59603927807 0 98 1
P 3.60723523323 18.6970859557 0 80 4
P 26.3927647668 11.3029140443 0 80 4
P 5.46515792484 26.066733085 0 58 4
P 24.5348420752 3.93326691497 0 58 4
P 22.6459003213 27.0366001277 0 97 4
P 7.35409967867 2.96339987232 0 97 4
