P 15 15 0 89 3
P 21.6710831469 17.9940128026 1 100 5
P 8.32891685307 12.0059871974 2 100 5
P 9.83574615678 26.5066865278 0 12 3
P 20.1642538432 3.49331347215 0 12 3
P 9.91051973825 20.767046531 0 46 2
P 20.0894802618 9.23295346897 0 46 2
P 5.48142056419 12.2885829399 0 14 1
P 24.5185794358 17.7114170601 0 14 1
P 7.26557446599 9.07454243113 0 66 1
P 22.734425534 20.9254575689 0 66 1
P 14.4904109704 28.8065806415 0 5 3
P 15.5095890296 1.19341935854 0 5 3
P 9.09890807107 15.2193499935 0 27 3
P 20.9010919289 14.7806500065 0 27 3
P 18.0020501703 28.5297399778 0 33 3
P 11.9979498297 1.47026002221 0 33 3
P 21.7308650318 15.4573846947 0 50 2
P 8.2691349682 14.5426153053 0 50 2
