P 15 15 0 20 3
P 21.8207353349 5.45357409095 1 100 5
P 8.17926466512 24.5464259091 2 100 5
P 7.43912153053 8.05220914351 0 23 5
P 22.5608784695 21.9477908565 0 23 5
P 6.03932521194 11.7393020947 0 64 3
P 23.9606747881 18.2606979053 0 64 3
P 18.5357735721 1.41444022902 0 48 3
P 11.4642264279 28.585559771 0 48 3
P 12.3180623766 4.37828686953 0 48 5
P 17.6819376234 25.6217131305 0 48 5
P 5.23980748371 18.025920227 0 1 2
P 24.7601925163 11.974079773 0 1 2
P 11.4089202125 23.5658704659 0 16 4
P 18.5910797875 6.43412953412 0 16 4
P 8.01597701631 26.3920103087 0 66 3
P 21.9840229837 3.60798969128 0 66 3
P 7.32275055453 19.5466161995 0 19 5
P 22.6772494455 10.4533838005 0 19 5
P 16.921671013 7.93037104125 0 6 5
P 13.078328987 22.0696289587 0 6 5
P 23.6574362693 20.5460926341 0 13 5
P 6.3425637307 9.45390736587 0 13 5
P 20.9739724141 9.83604057856 0 72 4
P 9.02602758591 20.1639594214 0 72 4
