P 15 15 0 84 1
P 23.106265394 9.57862747047 1 100 5
P 6.89373460599 20.4213725295 2 100 5
P 5.38680943022 18.6527577139 0 74 2
P 24.6131905698 11.3472422861 0 74 2
P 14.3013586365 11.2443294092 0 21 1
P 15.6986413635 18.7556705908 0 21 1
P 8.09438581769 18.6024014497 0 63 3
P 21.9056141823 11.3975985503 0 63 3
P 0.873791267616 18.7811340607 0 41 3
P 29.1262087324 11.2188659393 0 41 3
P 22.8498847895 15.1402643468 0 21 5
P 7.15011521047 14.8597356532 0 21 5
P 5.65495064841 7.42058509031 0 62 3
P 24.3450493516 22.5794149097 0 62 3
P 11.7904341729 13.1090378626 0 31 1
P 18.2095658271 16.8909621374 0 31 1
P 2.0715922524 11.4972758464 0 89 1
P 27.9284077476 18.5027241536 0 89 1
P 8.071906996 4.27073493565 0 14 5
P 21.928093004 25.7292650644 0 14 5
P 8.61131257973 16.6592158695 0 50 5
P 21.3886874203 13.3407841305 0 50 5
P 11.0473722925 14.1963385295 0 66 5
P 18.9526277075 15.8036614705 0 66 5
P 24.5848566415 24.6360039383 0 93 2
P 5.41514335848 5.36399606165 0 93 2
