P 15 15 0 81 4
P 1.22552789798 20.2298402252 1 100 5
P 28.774472102 9.77015977476 2 100 5
P 13.4252157482 10.8522974301 0 1 2
P 16.5747842518 19.1477025699 0 1 2
P 2.91949905004 17.6634180625 0 46 4
P 27.08050095 12.3365819375 0 46 4
P 28.6932430933 10.8257999053 0 17 3
P 1.30675690672 19.1742000947 0 17 3
P 6.90814763606 9.27302758353 0 72 4
P 23.0918523639 20.7269724165 0 72 4
P 14.5817389518 20.1781818022 0 6 3
P 15.4182610482 9.82181819783 0 6 3
P 2.80183069313 6.93312776651 0 20 3
P 27.1981693069 23.0668722335 0 20 3
P 25.0185010711 4.61549090922 0 93 4
P 4.98149892888 25.3845090908 0 93 4
P 13.7648158194 2.9255381279 0 51 4
P 16.2351841806 27.0744618721 0 51 4
