P 15 15 0 49 1
P 19.7154467716 11.647514145 1 100 5
P 10.2845532284 18.352485855 2 100 5
P 6.52848678488 3.08437339677 0 84 2
P 23.4715132151 26.9156266032 0 84 2
P 11.5153009699 10.0985884797 0 97 3
P 18.4846990301 19.9014115203 0 97 3
P 1.46703470973 12.8633448186 0 29 2
P 28.5329652903 17.1366551814 0 29 2
P 23.3299368765 6.26813570003 0 54 1
P 6.67006312346 23.7318643 0 54 1
P 22.4492946986 17.985458628 0 33 3
P 7.55070530137 12.014541372 0 33 3
P 14.8459799817 5.0420838849 0 47 4
P 15.1540200183 24.9579161151 0 47 4
P 8.51896126033 24.4161436307 0 25 3
P 21.4810387397 5.58385636933 0 25 3
P 17.2918981768 7.81584504917 0 81 5
P 12.7081018232 22.1841549508 0 81 5
P 10.1687742802 24.0203629909 0 37 4
P 19.8312257198 5.97963700915 0 37 4
