P 15 15 0 19 3
P 20.9410481169 13.0684779267 1 100 5
P 9.05895188312 16.9315220733 2 100 5
P 13.0970684202 9.14689159656 0 19 3
P 16.9029315798 20.8531084034 0 19 3
P 4.59464584855 23.9167885146 0 17 4
P 25.4053541515 6.08321148537 0 17 4
P 18.8006078171 5.39128345602 0 79 4
P 11.1993921829 24.608716544 0 79 4
P 25.593261259 20.7915947286 0 17 5
P 4.40673874103 9.20840527141 0 17 5
P 18.6015673158 11.0330562998 0 91 3
P 11.3984326842 18.9669437002 0 91 3
P 5.17126830142 4.58474268724 0 37 4
P 24.8287316986 25.4152573128 0 37 4
P 28.6406525176 19.305977622 0 33 2
P 1.35934748242 10.694022378 0 33 2
P 12.1137118425 2.12735411601 0 41 4
P 17.8862881575 27.872645884 0 41 4
P 24.5524367884 11.9092760291 0 60 3
P 5.44756321163 18.0907239709 0 60 3
P 10.5481478745 12.0290594059 0 94 5
P 19.4518521255 17.9709405941 0 94 5
P 4.44261390478 11.0293803634 0 25 1
P 25.5573860952 18.9706196366 0 25 1
P 7.00948946904 3.1960775506 0 89 3
P 22.990510531 26.8039224494 0 89 3
P 12.7852848051 2.93219189526 0 39 4
P 17.2147151949 27.0678081047 0 39 4
