P 15 15 0 6 0
P 6.76268251732 18.1525127891 1 100 5
P 23.2373174827 11.8474872109 2 100 5
P 29.6791251315 14.7016722281 0 47 3
P 0.320874868528 15.2983277719 0 47 3
P 6.03995496118 14.7632047869 0 70 4
P 23.9600450388 15.2367952131 0 70 4
P 26.3845839088 23.6013932079 0 5 1
P 3.61541609123 6.39860679208 0 5 1
P 16.3167611575 28.1737572667 0 4 2
P 13.6832388425 1.82624273333 0 4 2
P 10.3215615338 0.960175763421 0 48 1
P 19.6784384662 29.0398242366 0 48 1
P 24.8543436304 25.3907856741 0 7 5
P 5.14565636956 4.60921432588 0 7 5
P 10.5649736056 24.055923182 0 58 3
P 19.4350263944 5.94407681797 0 58 3
P 19.8973219005 22.2736282286 0 6 3
P 10.1026780995 7.72637177141 0 6 3
P 17.670302944 10.562914681 0 84 3
P 12.329697056 19.437085319 0 84 3
P 11.9410344971 25.8760119058 0 68 3
P 18.0589655029 4.12398809419 0 68 3
P 9.8312353213 27.4062946101 0 26 2
P 20.1687646787 2.5937053899 0 26 2
