P 15 15 0 64 2
P 18.6386257307 21.1520145923 1 100 5
P 8.77838421589 18.5182918849 2 100 5
P 12.2561687294 25.272470571 0 80 4
P 11.5395409037 27.955411876 0 58 2
P 11.9518008675 26.4119757357 0 59 3
P 12.9606327536 22.6350686163 0 42 3
P 14.7880645425 3.02785682476 0 16 4
P 21.1534417478 4.72808277374 0 16 4
P 1.29583065913 11.3453380006 0 34 5
P 28.7012801582 18.6654786426 0 34 5
P 11.8447479264 8.71624040429 0 90 3
P 20.8683144772 11.1264827996 0 90 3
P 12.1292501137 13.3684857422 0 11 3
P 18.3019307105 15.0172414069 0 11 3
