P 15 15 0 39 1
P 6.95835766576 23.6885727908 1 100 5
P 23.0416423342 6.31142720915 2 100 5
P 7.07693033146 7.666863247 0 19 5
P 22.9230696685 22.333136753 0 19 5
P 8.88480654562 9.34012929987 0 39 2
P 21.1151934544 20.6598707001 0 39 2
P 24.2317224282 14.8674066854 0 74 2
P 5.76827757182 15.1325933146 0 74 2
P 15.4792249027 20.0988500938 0 28 4
P 14.5207750973 9.90114990618 0 28 4
P 14.6594727687 25.3376129828 0 8 1
P 15.3405272313 4.66238701723 0 8 1
P 9.20571710126 17.9599332147 0 16 2
P 20.7942828987 12.0400667853 0 16 2
P 5.23256916777 19.1537991397 0 9 1
P 24.7674308322 10.8462008603 0 9 1
