P 15 15 0 15 0
P 4.75796689949 13.7773131548 1 100 5
P 19.8168123272 24.1209935949 2 100 5
P 21.3952135639 5.6895294094 0 17 5
P 22.9303520395 3.45459831817 0 8 3
P 22.0877404751 4.68131422239 0 52 5
P 16.7845888635 12.4019066034 0 68 4
P 13.5548705355 23.8317272418 0 8 5
P 7.27519588872 19.518319011 0 8 5
P 24.7868995316 25.5160028794 0 18 5
P 1.67226140159 9.63892708009 0 18 5
P 25.237147935 18.9664769472 0 88 3
P 7.62392271888 6.86823382291 0 88 3
P 20.0174282506 29.1023542214 0 89 5
P 0.0364341807179 15.3777284838 0 89 5
P 25.9777056617 16.0488922827 0 16 1
P 10.081393456 5.12996928676 0 16 1
P 8.37770962757 19.1598162586 0 47 1
P 13.4938317578 22.6739988473 0 47 1
P 15.0351335506 9.57512758041 0 37 4
P 20.0508971422 13.0203754916 0 37 4
