P 15 15 0 47 2
P 5.89981639566 3.66738328592 1 100 5
P 25.8931215558 24.6219252747 2 100 5
P 5.21566419833 24.3355040438 0 10 1
P 4.44088812923 25.0747392124 0 15 1
P 10.3274071414 19.4582494316 0 16 3
P 20.7655267607 21.8163089588 0 67 4
P 8.46173777908 8.92097920869 0 67 4
P 10.5693746436 7.92652265677 0 48 2
P 21.8577855295 19.757657029 0 48 2
P 2.97211122716 17.7745342094 0 10 5
P 11.6641317653 26.8844491472 0 10 5
P 5.79419246246 21.2836850217 0 69 2
P 8.29126815428 23.9008149566 0 69 2
P 9.13982147845 22.1885753623 0 22 3
P 7.54436306516 20.5164106029 0 22 3
P 20.0849211614 6.80249020949 0 92 5
P 23.4270822482 10.3053355002 0 92 5
P 19.0914391226 5.10830724314 0 65 2
P 25.072781432 11.3772201401 0 65 2
