P 15 15 0 94 2
P 12.1606004342 17.6931460928 1 100 5
P 17.8393995658 12.3068539072 2 100 5
P 10.9259172085 10.7046708531 0 53 5
P 19.0740827915 19.2953291469 0 53 5
P 9.75497937134 10.4045601841 0 27 2
P 20.2450206287 19.5954398159 0 27 2
P 23.8698889455 9.87737776439 0 40 3
P 6.13011105453 20.1226222356 0 40 3
P 25.6947936372 21.786365318 0 94 5
P 4.30520636276 8.21363468199 0 94 5
P 21.812943057 10.8347779544 0 64 4
P 8.18705694298 19.1652220456 0 64 4
P 25.5546014556 14.1995129805 0 56 2
P 4.44539854442 15.8004870195 0 56 2
