P 15 15 0 64 0
P 19.4383852726 2.04137824694 1 100 5
P 10.5616147274 27.9586217531 2 100 5
P 6.47420270233 19.2579822718 0 55 2
P 23.5257972977 10.7420177282 0 55 2
P 8.13543942666 24.621529959 0 81 1
P 21.8645605733 5.37847004102 0 81 1
P 9.22533329867 13.4400532356 0 96 4
P 20.7746667013 16.5599467644 0 96 4
P 8.96294285283 15.9984193424 0 89 3
P 21.0370571472 14.0015806576 0 89 3
P 9.52018771675 6.37626606873 0 23 3
P 20.4798122832 23.6237339313 0 23 3
P 6.84694041696 4.39279591963 0 47 5
P 23.153059583 25.6072040804 0 47 5
P 18.4549942107 2.88079932101 0 23 5
P 11.5450057893 27.119200679 0 23 5
P 8.42552654756 17.0991674156 0 39 3
P 21.5744734524 12.9008325844 0 39 3
P 12.0678444872 25.4617662326 0 79 2
P 17.9321555128 4.53823376742 0 79 2
