P 15 15 0 79 4
P 23.1254410667 18.7043934212 1 100 5
P 6.94321375224 11.1485692911 2 100 5
P 10.6315342758 24.3558960806 0 54 3
P 11.9558499262 21.5196234885 0 87 5
P 9.17163224328 27.4825525699 0 71 3
P 11.500130387 22.4956331267 0 81 2
P 24.4309039488 3.69635798234 0 11 4
P 17.6116230017 0.512291504494 0 11 4
P 4.46480074909 22.9405790407 0 23 5
P 15.6757841612 28.1752242685 0 23 5
P 26.7688934555 12.3996574756 0 24 4
P 9.4378499969 4.3074267945 0 24 4
P 4.55014323753 11.9213297531 0 33 4
P 24.069360192 21.0352649116 0 33 4
P 4.93249846586 4.86247909674 0 24 5
P 29.2358446123 16.2102253423 0 24 5
P 7.81382712208 7.50894810073 0 44 4
P 25.3569612992 15.7002084233 0 44 4
P 2.90687427309 15.372526769 0 87 1
P 22.4783600219 24.5108673328 0 87 1
P 11.0296335656 7.65447683401 0 87 1
P 23.1807882942 13.3281079308 0 87 1
P 20.0409370494 8.5392419198 0 23 2
P 16.7170504204 6.98724896425 0 23 2
P 19.4792860198 20.0116270908 0 74 5
P 8.28185628725 14.7833103626 0 74 5
