P 15 15 0 11 1
P 9.93386034416 26.8104595843 1 100 5
P 9.97874404015 3.17038820623 2 100 5
P 25.196171658 15.0193587347 0 25 4
P 28.1098081113 15.0248906457 0 46 5
P 4.1122215781 18.6977491414 0 67 3
P 4.12634132186 11.2609339898 0 67 3
P 13.6829964662 22.0528249331 0 25 2
P 13.7097872432 7.94222493362 0 25 2
P 10.9418212572 22.2018384437 0 1 4
P 10.9691976372 7.78280359217 0 1 4
P 22.3268454072 22.2977311 0 97 5
P 22.3545038339 7.7301433174 0 97 5
P 11.2620128134 17.8429893899 0 57 4
P 11.2728352809 12.1428370654 0 57 4
P 14.1816802602 27.2410361765 0 1 4
P 14.2281683348 2.75594471787 0 1 4
P 22.7505294249 6.33295553532 0 83 5
P 22.7175626831 23.6964126139 0 83 5
P 11.7425322969 21.2097039125 0 18 2
P 11.7661355293 8.77797146392 0 18 2
P 11.5220797875 6.9342571903 0 50 2
P 11.4914772855 23.0524781551 0 50 2
P 6.0394107365 18.6130145763 0 50 2
P 6.05319482846 11.3529859473 0 50 2
P 26.3085248987 20.673394486 0 37 5
P 26.3299866203 9.36958762064 0 37 5
