P 15 15 0 23 0
P 11.7667862661 27.061835702 1 100 5
P 27.2045894409 12.3562246445 2 100 5
P 9.10907884078 8.8157699793 0 50 2
P 5.74260485093 5.28167930838 0 30 5
P 17.599274594 11.269168016 0 35 4
P 11.1473681552 17.4150700976 0 35 4
P 19.0354585529 5.06394069692 0 21 1
P 4.87972941599 18.5482845874 0 21 1
P 22.03566762 6.64029124642 0 66 3
P 6.30855499212 21.6214902385 0 66 3
P 3.45918514583 18.2069708162 0 16 3
P 18.763517463 3.62850029151 0 16 3
P 16.262014156 25.9224454169 0 41 2
P 25.8482909254 16.7908315426 0 41 2
P 10.588989482 15.7233112889 0 57 3
P 15.9366213026 10.6293097174 0 57 3
P 17.0202468379 6.6633599046 0 62 1
P 6.57510476887 16.6131043707 0 62 1
