P 15 15 0 30 0
P 16.2020545851 28.0575741762 1 100 5
P 25.1315464271 6.67552130229 2 100 5
P 4.26170446512 10.5155137376 0 52 4
P 8.1210505782 12.127239227 0 6 2
P 9.62287160809 12.7544240307 0 68 1
P 2.07188647183 9.60101025087 0 71 5
P 3.03166783848 23.2994986043 0 13 4
P 12.4889330565 0.653669646361 0 13 4
P 4.20080952274 9.50722555116 0 48 2
P 3.5018039745 11.1810244477 0 48 2
P 23.3532063169 20.2335759312 0 96 2
P 24.594346243 17.261612913 0 96 2
P 20.2689677366 22.415753158 0 95 1
P 23.9781081531 13.5340566511 0 95 1
P 15.261024009 0.875354991212 0 52 2
P 5.138088982 25.115158982 0 52 2
P 27.1067522797 6.60766761183 0 19 5
P 17.5423521142 29.5100358168 0 19 5
P 21.4806496995 14.0988178031 0 95 4
P 18.9149297781 20.2425446791 0 95 4
