P 15 15 0 68 2
P 25.5207848503 13.5228807195 1 100 5
P 23.899269336 9.19725922342 2 100 5
P 25.5751999795 11.035748655 0 10 5
P 4.68016357749 5.75028383822 0 16 5
P 13.3034820575 28.7542029842 0 16 5
P 1.79383449362 8.22697077005 0 99 1
P 9.5003365363 28.7851526694 0 99 1
P 8.9253756979 9.19433694929 0 60 3
P 14.238640441 23.368220569 0 60 3
P 12.2924964616 11.6945062799 0 26 1
P 15.1325495483 19.2707487354 0 26 1
P 1.93752986229 14.7639069799 0 11 3
P 5.31154658855 23.764572808 0 11 3
P 19.9777654446 6.52135608474 0 47 1
P 24.3246214664 18.117208041 0 47 1
P 17.5880401383 11.7702875264 0 14 4
P 19.073363957 15.7325984525 0 14 4
P 8.17241930094 20.6558370256 0 67 4
P 6.1369712727 15.2259921258 0 67 4
P 2.36571458962 21.6067901759 0 39 3
P 1.13602761901 18.326426623 0 39 3
P 21.0524500897 14.2586651492 0 63 1
P 20.0483398187 11.5800592806 0 63 1
P 23.6301136358 19.9650849204 0 38 2
P 18.2396885673 5.58536524233 0 38 2
