P 15 15 0 93 4
P 20.1102083577 16.4549346288 1 100 5
P 9.88979164228 13.5450653712 2 100 5
P 11.7695074369 26.3465510883 0 44 2
P 18.2304925631 3.6534489117 0 44 2
P 1.89238523561 7.79887554822 0 42 4
P 28.1076147644 22.2011244518 0 42 4
P 19.2242608172 14.3509560576 0 38 4
P 10.7757391828 15.6490439424 0 38 4
P 8.65417924139 4.9061465542 0 23 5
P 21.3458207586 25.0938534458 0 23 5
P 6.76274500547 25.0778474168 0 25 5
P 23.2372549945 4.9221525832 0 25 5
P 21.5163679669 17.8520244419 0 92 1
P 8.4836320331 12.1479755581 0 92 1
P 8.79599999142 15.2485958966 0 7 5
P 21.2040000086 14.7514041034 0 7 5
