P 15 15 0 49 5
P 24.0077392478 5.22973775617 1 100 5
P 14.7251733549 28.2861529791 2 100 5
P 29.2902532313 12.0796043803 0 4 5
P 23.2803064553 27.0073549541 0 4 5
P 17.4183764243 17.8209695686 0 71 2
P 18.6983778847 14.6416498098 0 71 2
P 13.7636639221 18.0495967118 0 70 3
P 16.2216015472 11.9444711322 0 70 3
P 7.0017378958 25.1226732905 0 29 5
P 16.2468827992 2.15920584545 0 29 5
P 24.5215012157 9.21235101196 0 62 2
P 17.8551459752 25.770515664 0 62 2
P 19.9330866861 24.2517259947 0 60 5
P 24.9674170702 11.7472511497 0 60 5
P 12.5283859698 26.5520100125 0 72 4
P 21.2221917213 4.95798120764 0 72 4
P 21.2023096525 18.122936348 0 57 4
P 21.6359729428 17.0457858055 0 57 4
P 29.7243022213 13.1942647836 0 45 1
P 24.3656146384 26.5043912495 0 45 1
