P 15 15 0 85 0
P 2.0581124624 16.0967316971 1 100 5
P 18.7731952286 27.4281242035 2 100 5
P 19.5850915496 17.937488538 0 27 4
P 10.5735783363 11.8284554734 0 27 4
P 12.6987369917 29.5416145254 0 1 1
P 2.34402112817 22.5220052669 0 1 1
P 22.3522829016 19.3655387204 0 82 3
P 8.22242282685 9.78670547099 0 82 3
P 17.0941803705 4.35883971675 0 76 1
P 24.1094268894 9.11457517719 0 76 1
P 23.4272869165 17.3390243188 0 63 5
P 9.70686168901 8.03775277963 0 63 5
P 10.0970669218 29.1011027936 0 95 3
P 3.71654044195 24.7756530814 0 95 3
P 24.697862644 25.8854966645 0 11 1
P 1.29737812707 10.0219751605 0 11 1
P 9.93541575438 10.2580254767 0 43 4
P 21.280194386 17.9488123769 0 43 4
P 23.8009567973 24.3796984739 0 26 4
P 3.02824742589 10.2975831412 0 26 4
P 19.4373247644 13.2111631016 0 77 5
P 15.0186921019 10.215709131 0 77 5
P 24.7311933247 20.6522142072 0 33 4
P 6.14636205096 8.05329257605 0 33 4
P 12.6589528025 4.19000085543 0 37 4
P 25.9084915902 13.1720517751 0 37 4
