P 15 15 0 16 5
P 3.88086734942 5.25927909453 1 100 5
P 18.731264567 29.3036505617 2 100 5
P 24.8349812186 8.92567287847 0 91 2
P 25.69043676 8.39732242399 0 66 2
P 21.3278375355 11.0917713712 0 85 2
P 27.8611370231 8.9866273858 0 85 1
P 26.1354194051 6.19250714476 0 85 1
P 8.64002803379 18.2394572307 0 30 1
P 9.25576450511 19.2364000212 0 30 1
P 2.74280064804 13.0829354589 0 94 1
P 11.2260858643 26.8182758685 0 94 1
P 3.7670009088 9.92630884151 0 5 1
P 14.5072006134 27.3158336835 0 5 1
P 6.27088045965 26.1914115095 0 42 5
P 1.0846582941 17.7943666068 0 42 5
