P 15 15 0 93 1
P 7.06170439372 14.7148944544 1 100 5
P 22.9382956063 15.2851055456 2 100 5
P 14.6121260798 25.7997121897 0 13 4
P 15.3878739202 4.20028781028 0 13 4
P 14.6747874722 24.0550086472 0 49 3
P 15.3252125278 5.94499135276 0 49 3
P 23.1729017036 19.629492215 0 37 5
P 6.82709829637 10.370507785 0 37 5
P 23.6055607775 8.79721558669 0 7 3
P 6.39443922249 21.2027844133 0 7 3
P 15.3389791619 9.3191677262 0 71 3
P 14.6610208381 20.6808322738 0 71 3
P 24.1680500791 6.48966944165 0 52 5
P 5.83194992094 23.5103305584 0 52 5
P 26.3919976207 8.02386622795 0 56 3
P 3.60800237925 21.976133772 0 56 3
