P 15 15 0 1 4
P 8.41360942098 6.6650657331 1 100 5
P 21.586390579 23.3349342669 2 100 5
P 14.0821210462 0.315325894571 0 51 2
P 15.9178789538 29.6846741054 0 51 2
P 11.4365438507 7.78647487209 0 47 1
P 18.5634561493 22.2135251279 0 47 1
P 13.9867356626 17.6456226308 0 7 4
P 16.0132643374 12.3543773692 0 7 4
P 19.5260745652 4.99912100056 0 33 4
P 10.4739254348 25.0008789994 0 33 4
P 16.0482301523 4.3234296044 0 4 3
P 13.9517698477 25.6765703956 0 4 3
P 18.9419079871 10.5741147545 0 16 3
P 11.0580920129 19.4258852455 0 16 3
P 21.6738429947 26.5228192802 0 87 3
P 8.32615700533 3.47718071981 0 87 3
