P 15 15 0 8 0
P 29.713598873 16.4900515528 1 100 5
P 0.286401126985 13.5099484472 2 100 5
P 13.7630708043 27.2141277504 0 34 3
P 16.2369291957 2.78587224959 0 34 3
P 19.0441178248 12.7173632135 0 56 3
P 10.9558821752 17.2826367865 0 56 3
P 8.77665923659 12.4441652135 0 22 1
P 21.2233407634 17.5558347865 0 22 1
P 8.74160555588 25.6754256681 0 34 3
P 21.2583944441 4.32457433194 0 34 3
P 16.284611908 29.067901762 0 18 1
P 13.715388092 0.932098238004 0 18 1
P 15.5246997577 5.07404159634 0 78 5
P 14.4753002423 24.9259584037 0 78 5
P 10.2196900344 28.6382318371 0 69 2
P 19.7803099656 1.36176816288 0 69 2
P 5.27416752079 20.8555425191 0 16 4
P 24.7258324792 9.14445748087 0 16 4
P 14.3164529221 2.03703517701 0 17 3
P 15.6835470779 27.962964823 0 17 3
P 10.2123581749 20.6278969543 0 19 2
P 19.7876418251 9.37210304567 0 19 2
P 19.4458892858 6.62962768046 0 5 3
P 10.5541107142 23.3703723195 0 5 3
