P 15 15 0 98 0
P 5.15172363529 25.2258023996 1 100 5
P 24.8482763647 4.7741976004 2 100 5
P 22.2044557318 22.4363643836 0 66 1
P 7.79554426823 7.56363561641 0 66 1
P 2.96844427278 22.5140245559 0 9 4
P 27.0315557272 7.48597544408 0 9 4
P 18.5868749479 12.5915120185 0 89 2
P 11.4131250521 17.4084879815 0 89 2
P 21.6734336492 9.65514701591 0 13 1
P 8.32656635084 20.3448529841 0 13 1
P 17.3862939018 24.4098086597 0 15 4
P 12.6137060982 5.59019134033 0 15 4
P 5.5992804095 15.7403852383 0 66 1
P 24.4007195905 14.2596147617 0 66 1
P 12.5719996585 29.5312878597 0 80 4
P 17.4280003415 0.468712140309 0 80 4
P 18.2617236581 29.324554967 0 57 4
P 11.7382763419 0.675445033034 0 57 4
P 8.73492325132 17.1737896098 0 83 1
P 21.2650767487 12.8262103902 0 83 1
P 16.8461696348 6.31938478416 0 9 4
P 13.1538303652 23.6806152158 0 9 4
P 18.825661089 23.0757748742 0 53 3
P 11.174338911 6.92422512577 0 53 3
P 21.001173012 26.05267206 0 88 2
P 8.998826988 3.94732794 0 88 2
P 19.1006965007 28.5020453497 0 88 2
P 10.8993034993 1.4979546503 0 88 2
