P 15 15 0 86 3
P 27.2607434807 10.2396928057 1 100 5
P 2.73925651935 19.7603071943 2 100 5
P 9.79516903393 1.59433210274 0 76 3
P 20.2048309661 28.4056678973 0 76 3
P 4.98000403408 20.672525713 0 46 1
P 25.0199959659 9.32747428698 0 46 1
P 13.054224916 1.08216150056 0 3 3
P 16.945775084 28.9178384994 0 3 3
P 16.9192751047 20.2906182832 0 79 3
P 13.0807248953 9.70938171684 0 79 3
P 6.60042082247 5.9663491372 0 63 4
P 23.3995791775 24.0336508628 0 63 4
P 4.73497948643 5.3908874677 0 38 2
P 25.2650205136 24.6091125323 0 38 2
