P 15 15 0 64 3
P 19.203589117 14.5688627588 1 100 5
P 14.739047881 10.782424301 2 100 5
P 12.280722146 18.2062657948 0 56 1
P 23.6508779416 2.86929636746 0 17 5
P 25.5555376268 4.48466428544 0 17 5
P 8.12971738539 3.28374848796 0 83 2
P 27.6807288272 19.8652285773 0 83 2
P 15.205358466 1.63650825692 0 34 3
P 28.1506528223 12.615589378 0 34 3
P 18.9090209657 11.8593183501 0 13 5
P 17.460328777 10.6306626995 0 13 5
P 18.3875200398 8.11772256829 0 78 1
P 21.2368634923 10.5342897043 0 78 1
P 9.95103844604 23.1975208132 0 25 2
P 7.73679839349 21.3195935534 0 25 2
P 5.75362816877 10.6647141939 0 12 5
P 20.7867358876 23.4144983706 0 12 5
P 18.4894797993 9.70233785931 0 42 4
P 19.6568639159 10.6924122881 0 42 4
P 5.84917417289 8.72627598387 0 6 2
P 22.6835647688 23.0037527943 0 6 2
P 16.0302754078 28.3049390875 0 22 4
P 1.70537682422 16.1557967604 0 22 4
