P 15 15 0 22 4
P 25.2551613913 22.1773323586 1 100 5
P 4.74483860869 7.82266764139 2 100 5
P 11.1785586162 20.4601760348 0 98 4
P 18.8214413838 9.53982396519 0 98 4
P 8.33431666464 16.8458280945 0 65 5
P 21.6656833354 13.1541719055 0 65 5
P 8.7356844724 5.21012266415 0 16 3
P 21.2643155276 24.7898773358 0 16 3
P 3.39473436228 6.00206036671 0 11 5
P 26.6052656377 23.9979396333 0 11 5
P 21.7195562604 12.0168985144 0 62 5
P 8.28044373962 17.9831014856 0 62 5
P 21.5290109619 8.38821697694 0 58 4
P 8.47098903809 21.6117830231 0 58 4
P 10.5427716017 9.35136146328 0 45 4
P 19.4572283983 20.6486385367 0 45 4
P 19.5875503084 1.23819441824 0 24 3
P 10.4124496916 28.7618055818 0 24 3
P 14.1055045943 9.36302686808 0 40 5
P 15.8944954057 20.6369731319 0 40 5
P 16.8528147948 17.4193075314 0 34 2
P 13.1471852052 12.5806924686 0 34 2
P 29.0558737588 10.0796954031 0 74 1
P 0.944126241173 19.9203045969 0 74 1
P 17.4815272708 20.2347005162 0 64 5
P 12.5184727292 9.76529948375 0 64 5
P 17.7387392164 5.14829298439 0 66 3
P 12.2612607836 24.8517070156 0 66 3
