P 15 15 0 65 2
P 4.48539611002 14.8901026366 1 100 5
P 11.5219849478 24.9233252335 2 100 5
P 4.04084703685 16.0985939171 0 41 2
P 10.2343379627 24.9296730868 0 41 2
P 2.9365293897 16.1735608369 0 85 3
P 9.78771597541 25.9424249347 0 85 3
P 26.7792073946 23.0185438592 0 31 2
P 11.4729903236 1.19395149912 0 31 2
P 22.4264763487 12.5577505606 0 33 2
P 19.8257227912 8.84942825224 0 33 2
P 8.65575621354 23.6397653262 0 36 3
P 4.71595100976 18.0221367409 0 36 3
P 10.0446342271 9.44039621338 0 66 1
P 18.5393435276 21.552701092 0 66 1
P 3.76550345241 14.1435854147 0 87 1
P 11.9786648714 25.8544411492 0 87 1
P 15.5341801152 25.0979736046 0 44 5
P 5.68776995466 11.0583263836 0 44 5
P 9.08983592194 6.81470406416 0 72 3
P 20.6828245985 23.34473568 0 72 3
P 21.304784058 3.45774028698 0 19 3
P 27.9995513439 13.0035716497 0 19 3
