P 15 15 0 14 5
P 10.5274588922 7.62356266469 1 100 5
P 19.4725411078 22.3764373353 2 100 5
P 5.41237436739 20.8132466689 0 46 5
P 24.5876256326 9.18675333114 0 46 5
P 22.7286847978 14.706840606 0 76 2
P 7.27131520216 15.293159394 0 76 2
P 24.3413661301 25.8018455072 0 72 3
P 5.65863386994 4.19815449285 0 72 3
P 21.6217510424 10.6340791147 0 95 4
P 8.37824895759 19.3659208853 0 95 4
P 5.35759459127 26.167219174 0 92 5
P 24.6424054087 3.83278082604 0 92 5
P 19.2105722825 12.9817027672 0 93 5
P 10.7894277175 17.0182972328 0 93 5
P 15.2030630573 24.5906591811 0 20 5
P 14.7969369427 5.40934081889 0 20 5
P 17.7015084157 4.95627068605 0 28 4
P 12.2984915843 25.043729314 0 28 4
P 9.16849191643 3.37747095076 0 11 5
P 20.8315080836 26.6225290492 0 11 5
P 23.8568136901 22.0190234002 0 62 1
P 6.14318630986 7.98097659982 0 62 1
P 21.3962006126 27.564744092 0 7 3
P 8.60379938737 2.43525590803 0 7 3
P 11.9883796595 8.37877439166 0 19 4
P 18.0116203405 21.6212256083 0 19 4
