P 15 15 0 30 0
P 23.705233523 10.4791058409 1 100 5
P 21.9219990219 8.04978387175 2 100 5
P 4.34417030933 22.821871034 0 33 2
P 7.24427446918 20.6930606662 0 35 4
P 11.9332133497 17.2511630125 0 54 1
P 3.37594319785 23.5325944425 0 76 4
P 5.7816464596 21.7666971632 0 38 5
P 5.06740689096 6.10529838148 0 1 5
P 20.5091218479 27.1417337813 0 1 5
P 29.4352195257 11.0055217384 0 70 4
P 23.1370218856 2.42541077522 0 70 4
P 7.51557366945 22.0989902217 0 34 5
P 5.98427465327 20.0128830165 0 34 5
P 26.0694833845 17.858151868 0 34 4
P 15.5906794037 3.58275022866 0 34 4
P 4.02728072471 19.817246869 0 43 2
P 7.11571819573 24.0246626598 0 43 2
P 0.797639191302 16.2454243018 0 11 2
P 9.55545923233 28.176308666 0 11 2
P 28.0860719034 21.0461492049 0 37 1
P 13.153576545 0.703429834648 0 37 1
P 14.2430853777 7.23559667398 0 22 3
P 22.1806727995 18.049068202 0 22 3
P 20.9326650689 16.3251290949 0 56 3
P 15.5137639018 8.94289437182 0 56 3
