P 15 15 0 42 0
P 25.4767832265 16.6003416963 1 100 5
P 18.493463944 25.0059877069 2 100 5
P 10.7173858132 26.5529383996 0 2 4
P 25.5722936885 8.67245892133 0 2 4
P 22.9531406127 3.85266349745 0 10 1
P 5.4991879485 24.8615479043 0 10 1
P 19.0294159688 23.7675652691 0 69 2
P 24.3575714868 17.3541983068 0 69 2
P 24.7450402138 14.0466893654 0 54 1
P 15.8489535491 24.7546854284 0 54 1
P 23.5368151253 19.6501711639 0 31 1
P 21.1360629015 22.5398963127 0 31 1
P 22.9363833754 14.2455171034 0 70 1
P 15.7129143272 22.9402253548 0 70 1
P 3.38477993586 16.5690794358 0 53 4
P 14.413609057 3.29395484904 0 53 4
P 22.671372346 15.4267025349 0 38 3
P 16.8255179509 22.4632106318 0 38 3
P 20.5455367709 17.0836923164 0 2 4
P 18.0648054225 20.0696863284 0 2 4
