P 15 15 0 93 4
P 3.01361278624 22.6226222323 1 100 5
P 29.1655982472 16.0553077434 2 100 5
P 12.379438859 4.56455078022 0 25 4
P 13.9694786273 10.8963165231 0 69 2
P 13.1469532926 7.62090301412 0 76 1
P 11.5765353783 1.36727429984 0 23 2
P 11.9201830639 2.73572852756 0 95 4
P 4.25294951969 11.1979180877 0 96 1
P 22.675712344 6.57157423317 0 96 1
P 11.4434122498 9.89705191609 0 24 4
P 15.7237466656 8.8221697712 0 24 4
P 23.505618582 24.9001567113 0 51 1
P 12.180819361 27.7440523734 0 51 1
P 8.58894773772 16.9820459061 0 72 2
P 21.5868483459 13.7179992388 0 72 2
P 14.8840825417 12.3531765686 0 52 1
P 13.8516765789 12.6124354554 0 52 1
P 10.3029449155 24.3970521491 0 27 1
P 23.5794127752 21.0630513763 0 27 1
P 7.49136531226 22.6920190088 0 16 1
P 25.2518808238 18.231979406 0 16 1
P 12.0088420264 6.44149975934 0 66 2
P 13.592829468 6.04372714314 0 66 2
