P 15 15 0 63 3
P 24.9054755526 4.33190509775 1 100 5
P 5.0945244474 25.6680949023 2 100 5
P 12.7475389177 19.0026983634 0 66 5
P 17.2524610823 10.9973016366 0 66 5
P 12.3333483159 27.9953220857 0 60 2
P 17.6666516841 2.00467791431 0 60 2
P 7.04932320743 21.6721133372 0 71 5
P 22.9506767926 8.32788666283 0 71 5
P 8.80288905653 27.8601386714 0 38 5
P 21.1971109435 2.13986132856 0 38 5
P 20.2739843416 3.60780017279 0 68 2
P 9.72601565838 26.3921998272 0 68 2
P 14.9367788369 11.0431307896 0 98 2
P 15.0632211631 18.9568692104 0 98 2
P 2.39715784581 10.5690904943 0 81 5
P 27.6028421542 19.4309095057 0 81 5
P 21.4764910485 11.8225430703 0 81 1
P 8.52350895155 18.1774569297 0 81 1
P 1.17113534192 19.3637182495 0 7 1
P 28.8288646581 10.6362817505 0 7 1
P 6.06472987562 15.4492133207 0 35 5
P 23.9352701244 14.5507866793 0 35 5
P 21.9135308038 24.5787022932 0 6 2
P 8.08646919623 5.42129770677 0 6 2
