P 15 15 0 10 1
P 13.3765722832 8.9117648405 1 100 5
P 16.6234277168 21.0882351595 2 100 5
P 10.0121056297 16.3300218794 0 84 2
P 19.9878943703 13.6699781206 0 84 2
P 6.45343709998 17.2789407327 0 9 5
P 23.5465629 12.7210592673 0 9 5
P 8.30054159739 23.1064364392 0 62 2
P 21.6994584026 6.89356356084 0 62 2
P 23.3002935694 26.8260611031 0 51 3
P 6.69970643056 3.17393889694 0 51 3
P 23.1680933645 10.6320477866 0 45 4
P 6.83190663549 19.3679522134 0 45 4
P 11.8374784661 10.5743118888 0 19 1
P 18.1625215339 19.4256881112 0 19 1
