P 15 15 0 30 1
P 24.9732849345 15.3986739316 1 100 5
P 21.9451022069 7.83125473853 2 100 5
P 6.05339467723 18.5800786262 0 40 1
P 2.87739266147 21.8833631915 0 40 3
P 1.47534820684 18.3796584716 0 40 3
P 14.6139011997 24.0770746987 0 18 3
P 8.45861411737 8.69503147474 0 18 3
P 7.00772297766 13.282759083 0 76 2
P 10.3986633362 21.7567084646 0 76 2
P 24.3288336205 23.6979249819 0 75 2
P 15.7532687986 2.26761523414 0 75 2
P 5.6926457774 11.7412937973 0 76 1
P 10.5100056101 23.7798609966 0 76 1
P 19.9006835517 21.4966008833 0 49 5
P 14.0661186238 6.91604132333 0 49 5
