P 15 15 0 94 4
P 8.22497822831 3.16203778335 1 100 5
P 28.2015836133 18.428769393 2 100 5
P 22.271120232 5.48569770564 0 44 1
P 23.4637784191 3.92509766545 0 49 5
P 20.9590254464 7.20258121608 0 36 2
P 16.3851208018 13.1875615308 0 64 3
P 19.0999830412 9.63514880635 0 72 1
P 26.6847126901 11.6074601556 0 6 1
P 15.2052265943 2.83448647651 0 6 1
P 15.5645382849 23.4492736633 0 64 1
P 6.69898645527 16.6739483391 0 64 1
P 19.1074174455 12.2477355981 0 50 3
P 16.5771246694 10.3140086229 0 50 3
P 10.057878151 7.35299474349 0 86 1
P 23.6763981471 17.760683422 0 86 1
P 13.6433100868 11.6240385621 0 10 5
P 18.6137427524 15.4225949247 0 10 5
P 18.5319724657 11.209144242 0 89 5
P 17.7303747064 10.596538766 0 89 5
P 18.1004820204 3.28037506087 0 59 5
P 25.4942125189 8.93088959721 0 59 5
