P 15 15 0 6 5
P 13.4514222859 1.03999971876 1 100 5
P 16.5485777141 28.9600002812 2 100 5
P 4.56204955386 16.1578780169 0 48 2
P 25.4379504461 13.8421219831 0 48 2
P 6.68661040166 6.07931142116 0 70 4
P 23.3133895983 23.9206885788 0 70 4
P 4.34788575192 25.382263637 0 39 3
P 25.6521142481 4.61773636303 0 39 3
P 11.9188507663 28.6211686155 0 69 3
P 18.0811492337 1.37883138454 0 69 3
P 20.262385302 21.1563469322 0 93 2
P 9.73761469799 8.84365306776 0 93 2
P 12.1004391543 3.44433494511 0 38 3
P 17.8995608457 26.5556650549 0 38 3
