P 15 15 0 50 0
P 11.624819444 10.4464604683 1 100 5
P 10.8858617188 18.8987731731 2 100 5
P 22.7039670891 15.6735323448 0 34 4
P 21.4434735313 15.5633315649 0 95 4
P 28.3019863986 16.1629486453 0 76 1
P 23.7641086034 15.7662170086 0 92 4
P 26.5856094173 12.8833826294 0 5 4
P 26.0425550103 19.0949228941 0 5 4
P 5.54604489224 15.2729186437 0 100 1
P 5.73682861432 13.090704935 0 100 1
P 17.2043473209 22.0589954009 0 44 2
P 18.3958319734 8.43060973989 0 44 2
P 9.69008819309 15.1747317509 0 71 1
P 9.80096498962 13.9065058104 0 71 1
P 14.6175025047 24.3401237252 0 11 4
P 16.2440693524 5.73520065067 0 11 4
P 9.58380922252 9.86481139267 0 55 4
P 8.77488360647 19.1174276506 0 55 4
P 11.4062958835 7.94612008576 0 91 1
P 10.236776692 21.3232614084 0 91 1
P 20.3131111999 22.3943922538 0 96 1
P 21.5156335457 8.63975574975 0 96 1
P 15.1104509628 20.9858641267 0 92 4
P 16.1474846035 9.1241130165 0 92 4
P 13.8387649517 27.7037312665 0 37 1
P 16.0608228035 2.28749002323 0 37 1
