P 15 15 0 15 5
P 23.5820232874 26.2703825048 1 100 5
P 6.41797671256 3.72961749523 2 100 5
P 3.40816897583 23.8267956967 0 39 2
P 26.5918310242 6.17320430328 0 39 2
P 4.67182617108 22.8645625629 0 74 1
P 25.3281738289 7.1354374371 0 74 1
P 18.9577955463 26.1557771886 0 92 5
P 11.0422044537 3.84422281143 0 92 5
P 7.69436093105 21.3330448811 0 80 3
P 22.305639069 8.6669551189 0 80 3
P 27.520934436 10.5279264702 0 33 1
P 2.479065564 19.4720735298 0 33 1
P 6.80285403666 14.6494381841 0 60 4
P 23.1971459633 15.3505618159 0 60 4
