P 15 15 0 31 2
P 10.2512355199 28.1255615933 1 100 5
P 1.44265483829 11.6789273731 2 100 5
P 27.4476997656 8.33319108231 0 10 3
P 20.2404615784 12.1932841697 0 93 4
P 16.6321462034 5.79008147473 0 45 1
P 23.5708084889 18.7453627752 0 45 1
P 3.4294502401 23.0473226759 0 37 5
P 1.88926452112 20.1716186247 0 37 5
P 17.6090726182 4.13693978892 0 43 2
P 25.488271471 18.8483111397 0 43 2
P 20.8421316887 28.1785771683 0 80 2
P 7.26779128786 2.83372089412 0 80 2
P 6.9371697411 18.5548963195 0 12 3
P 7.57265426922 19.7414190937 0 12 3
P 2.27722221341 14.7590850342 0 1 4
P 8.14982349133 25.7239077032 0 1 4
P 5.21143225696 19.3671011118 0 63 5
P 5.94020795151 20.7278092338 0 63 5
P 13.5767388847 0.15414487492 0 84 3
P 26.5688964612 24.4119987923 0 84 3
