P 15 15 0 23 5
P 11.0503839769 23.8518741568 1 100 5
P 5.75156142703 17.9019866954 2 100 5
P 15.7731362596 14.3114639776 0 6 2
P 20.2599738973 10.3155973992 0 26 5
P 21.3263349411 9.36592263948 0 20 3
P 25.3320561347 5.79852646148 0 77 3
P 18.9448062443 11.4868531686 0 51 2
P 17.9979117565 1.83267160734 0 36 2
P 28.4252762182 13.5412435556 0 36 2
P 18.0160627489 13.2554724348 0 52 1
P 17.0808464455 12.205346354 0 52 1
P 26.4193293224 6.185318135 0 85 4
P 25.073287808 4.6738888592 0 85 4
P 15.3662286027 6.73462577105 0 65 4
P 23.2524337292 15.5898068153 0 65 4
P 4.73427651891 17.8252477777 0 8 2
P 11.009244621 24.8712195346 0 8 2
P 23.2427992093 18.1383736202 0 13 1
P 12.8335685681 6.45016359012 0 13 1
P 14.6025690227 1.80128408037 0 12 4
P 28.0647278477 16.9175347649 0 12 4
P 5.19890683866 12.9486526621 0 34 5
P 15.9068809318 24.9723126723 0 34 5
P 7.61180675118 16.2927190353 0 36 5
P 12.8635251625 22.1897146852 0 36 5
