P 15 15 0 66 4
P 26.7577155196 7.31030770526 1 100 5
P 6.86084360355 3.54882648014 2 100 5
P 16.0427405742 9.48428041896 0 11 1
P 1.17611241961 14.7948948703 0 62 2
P 27.9447406063 19.8554738785 0 62 2
P 19.4697159734 21.8592409331 0 34 1
P 8.3347773598 19.7541933299 0 34 1
P 7.08810767406 8.51082077798 0 1 2
P 24.7347544516 11.8468994752 0 1 2
P 18.5782506601 17.7647434539 0 73 4
P 10.6594208993 16.2676976069 0 73 4
P 15.5106283059 3.64714466054 0 92 1
P 18.6689827874 4.24422801789 0 92 1
P 9.29480791093 16.0041519853 0 80 3
P 19.9448959141 18.0175391267 0 80 3
P 25.7901993238 5.28419382455 0 86 2
P 8.50122403299 2.01573251906 0 86 2
P 17.0226382615 11.0789609933 0 36 5
P 14.5483282972 10.6111954815 0 36 5
P 13.7191122574 25.1528279552 0 41 3
P 12.4861903476 24.9197454569 0 41 3
P 14.6077474739 21.3905047333 0 24 4
P 13.0323219653 21.0926723154 0 24 4
