P 15 15 0 43 4
P 14.9928684206 12.3232826185 1 100 5
P 15.0071315794 17.6767173815 2 100 5
P 2.14573372147 15.0342476278 0 24 4
P 27.8542662785 14.9657523722 0 24 4
P 7.15323899473 15.0209061291 0 61 3
P 22.8467610053 14.9790938709 0 61 3
P 28.4010536716 12.0990528513 0 23 1
P 1.59894632839 17.9009471487 0 23 1
P 20.980568485 25.5111303825 0 60 2
P 9.01943151498 4.48886961749 0 60 2
P 13.2993564826 8.244056853 0 73 4
P 16.7006435174 21.755943147 0 73 4
P 4.4875704092 25.1466945973 0 9 2
P 25.5124295908 4.85330540267 0 9 2
P 12.8309329957 16.3709490003 0 25 5
P 17.1690670043 13.6290509997 0 25 5
P 12.8496348707 14.1326242337 0 99 3
P 17.1503651293 15.8673757663 0 99 3
