P 15 15 0 97 1
P 17.9500128636 13.5040475813 1 100 5
P 12.0499871364 16.4959524187 2 100 5
P 5.90777091923 9.22345889743 0 12 5
P 24.0922290808 20.7765411026 0 12 5
P 2.13956157049 7.29585209007 0 53 1
P 27.8604384295 22.7041479099 0 53 1
P 17.3883077478 10.4376076114 0 60 3
P 12.6116922522 19.5623923886 0 60 3
P 28.8128803765 16.4367207521 0 56 1
P 1.1871196235 13.5632792479 0 56 1
P 11.9507127137 27.0216450663 0 91 4
P 18.0492872863 2.97835493373 0 91 4
P 21.9939968742 19.0649555763 0 58 1
P 8.00600312577 10.9350444237 0 58 1
