P 15 15 0 48 4
P 9.14800699616 14.8089853224 1 100 5
P 20.8519930038 15.1910146776 2 100 5
P 14.753801052 22.5426377671 0 81 2
P 15.246198948 7.4573622329 0 81 2
P 14.7147571493 23.7388005345 0 58 4
P 15.2852428507 6.26119946548 0 58 4
P 6.94922414967 3.94207899016 0 1 3
P 23.0507758503 26.0579210098 0 1 3
P 16.4983479272 22.4080377157 0 94 4
P 13.5016520728 7.5919622843 0 94 4
P 15.8024967883 0.515745364408 0 42 1
P 14.1975032117 29.4842546356 0 42 1
P 11.361019457 1.35862236451 0 63 4
P 18.638980543 28.6413776355 0 63 4
P 26.2720711396 6.74753655196 0 66 3
P 3.72792886039 23.252463448 0 66 3
P 19.9565225498 26.199891763 0 26 5
P 10.0434774502 3.80010823703 0 26 5
P 5.33611019256 9.67864639069 0 90 1
P 24.6638898074 20.3213536093 0 90 1
P 16.9188146328 1.78565691717 0 54 3
P 13.0811853672 28.2143430828 0 54 3
P 10.7722695686 8.55251965804 0 58 1
P 19.2277304314 21.447480342 0 58 1
P 19.3694020687 5.00158035021 0 67 4
P 10.6305979313 24.9984196498 0 67 4
P 25.5636774234 8.92143752021 0 21 4
P 4.43632257663 21.0785624798 0 21 4
