P 15 15 0 55 5
P 25.1577320577 8.66324278124 1 100 5
P 26.8539775512 16.6784602532 2 100 5
P 2.63617125567 17.6165339697 0 68 4
P 9.02086507878 16.2653531486 0 56 3
P 10.4701370422 15.9586464316 0 71 2
P 0.382942188662 18.0933806259 0 78 4
P 5.42965764198 17.0253536666 0 41 5
P 18.8781114115 7.48179398636 0 2 2
P 21.5913490528 20.3025736626 0 2 2
P 23.750224943 4.31481542072 0 82 2
P 27.3287437176 21.2242818374 0 82 2
P 5.00241058505 22.4346824334 0 64 1
P 2.84765209964 12.2528674033 0 64 1
P 13.645736531 3.67750508217 0 19 4
P 18.348728373 25.9004100378 0 19 4
P 14.8383019602 0.0923561881766 0 100 3
P 20.8914406353 28.695069095 0 100 3
P 24.4019761761 21.6039031494 0 19 4
P 20.9205892603 5.15341096452 0 19 4
P 17.6645315815 21.0265368683 0 8 5
P 14.9946660494 8.41070210705 0 8 5
P 25.8940546652 6.83943972959 0 69 2
P 28.2660186053 18.0476091184 0 69 2
P 7.63828477202 19.7210517676 0 44 1
P 6.35687048045 13.6660236139 0 44 1
P 25.967493904 15.8957751764 0 75 5
P 24.66432519 9.73795150881 0 75 5
P 18.9443598519 3.36814150562 0 33 2
P 23.3184106472 24.0367112923 0 33 2
