P 15 15 0 57 1
P 16.7637390097 10.6512230922 1 100 5
P 19.2475759257 13.0048221523 2 100 5
P 19.687196477 10.0534346145 0 69 2
P 25.1094519879 4.33113524997 0 1 5
P 25.8112216227 23.1825074073 0 3 4
P 6.24762861834 4.64471460344 0 3 4
P 23.0438496067 18.7617291757 0 36 4
P 10.8109062373 7.17020968775 0 36 4
P 23.1143665977 3.68111539526 0 62 2
P 25.8658793999 6.28835498627 0 62 2
P 6.3610975453 17.0707679957 0 15 4
P 13.397063659 23.7378092678 0 15 4
P 13.4106379184 28.7086489634 0 90 5
P 1.39672840029 17.3246784748 0 90 5
P 8.47665465137 3.69260415519 0 62 1
P 26.6420160079 20.905480387 0 62 1
P 2.91842811534 15.7804971544 0 82 4
P 14.87070446 27.106066152 0 82 4
P 8.17526083197 27.1747345376 0 39 3
P 3.2101197321 22.4699363479 0 39 3
P 10.9431485866 16.8604124088 0 100 2
P 13.3605689238 19.1510773864 0 100 2
