P 15 15 0 24 4
P 18.9456505282 27.4411981267 1 100 5
P 11.0543494718 2.55880187327 2 100 5
P 5.95892476861 10.9593323001 0 15 5
P 24.0410752314 19.0406676999 0 15 5
P 11.6703457844 4.91339910673 0 64 4
P 18.3296542156 25.0866008933 0 64 4
P 12.2408346588 3.66547625418 0 27 2
P 17.7591653412 26.3345237458 0 27 2
P 22.156797312 14.6415263255 0 71 3
P 7.84320268803 15.3584736745 0 71 3
P 21.1023844933 20.269157699 0 55 1
P 8.89761550666 9.73084230099 0 55 1
P 27.1367661941 6.44993351456 0 82 3
P 2.86323380592 23.5500664854 0 82 3
P 20.3094294154 3.10580857337 0 20 3
P 9.69057058455 26.8941914266 0 20 3
P 15.2248748984 28.4407611434 0 27 3
P 14.7751251016 1.5592388566 0 27 3
P 24.6462054144 15.2532828803 0 63 5
P 5.35379458556 14.7467171197 0 63 5
P 8.55558690597 1.97348640445 0 66 4
P 21.444413094 28.0265135955 0 66 4
P 24.1506654995 14.1704519738 0 17 4
P 5.84933450051 15.8295480262 0 17 4
