P 15 15 0 19 2
P 17.4208546735 16.0587190221 1 100 5
P 16.6560333089 12.9411223937 2 100 5
P 3.45277365959 17.8328120856 0 99 1
P 4.88408671647 24.615746807 0 12 2
P 1.58247295222 11.1575715831 0 12 2
P 25.2791334416 20.2717402913 0 62 4
P 21.6723578101 5.56965158314 0 62 4
P 10.5325073299 6.13556354801 0 55 4
P 15.1421422223 24.9255488492 0 55 4
P 19.1283241402 11.7444244248 0 60 3
P 20.166280604 15.9753856947 0 60 3
P 6.50646999363 4.14658273328 0 35 4
P 12.4936910668 28.5519420699 0 35 4
P 26.0587532001 11.3770770231 0 60 1
P 26.4798714604 13.093656775 0 60 1
P 21.181922318 15.2774692997 0 62 1
P 20.3516475702 11.8930688706 0 62 1
P 25.3300998294 9.21829398923 0 43 4
P 26.8330201213 15.344560137 0 43 4
P 3.60033251794 6.45205664575 0 10 1
P 8.8505389475 27.8531662657 0 10 1
P 13.1248455126 21.2088313022 0 28 4
P 10.4643231913 10.3638996583 0 28 4
P 19.5873423633 9.57317954606 0 81 4
P 21.5780260919 17.6876872831 0 81 4
P 24.1965878374 25.0623328704 0 20 4
P 18.4956553348 1.82395490193 0 20 4
P 17.0737466738 29.3138495753 0 9 2
P 10.2139227618 1.35155028576 0 9 2
