P 15 15 0 41 3
P 6.11833984378 12.8403531155 1 100 5
P 24.1391668812 14.8464079639 2 100 5
P 15.9831256954 6.1683680399 0 43 4
P 15.8154869557 7.6743033012 0 36 2
P 16.4967816632 1.55408475653 0 82 3
P 16.6403864755 0.264051492299 0 82 1
P 8.40532255905 10.2426502433 0 37 2
P 22.4794369975 11.8093622176 0 37 2
P 10.1834608449 15.9132736372 0 42 3
P 19.4977885488 16.9501323902 0 42 3
P 10.8554080886 3.24622059498 0 32 4
P 21.6279310547 4.44540373352 0 32 4
P 3.1669905666 17.1564605847 0 12 4
P 26.0691011677 19.7058935223 0 12 4
P 4.4590762198 11.6509933082 0 11 1
P 26.0193659621 14.0510565062 0 11 1
P 18.1544152307 1.70544180819 0 70 1
P 14.8464422653 1.33720259298 0 70 1
