P 15 15 0 53 0
P 26.996281286 18.5591989145 1 100 5
P 3.00371871398 11.4408010855 2 100 5
P 23.5031375975 14.7242925755 0 78 1
P 6.49686240255 15.2757074245 0 78 1
P 6.71372136648 26.8246587663 0 85 1
P 23.2862786335 3.17534123366 0 85 1
P 13.7853837254 18.2182824616 0 46 2
P 16.2146162746 11.7817175384 0 46 2
P 5.11563483832 8.84637851676 0 58 4
P 24.8843651617 21.1536214832 0 58 4
P 23.8093602892 11.2652550302 0 54 4
P 6.19063971079 18.7347449698 0 54 4
P 26.2147047796 10.8746473534 0 93 2
P 3.78529522037 19.1253526466 0 93 2
P 9.70984394507 12.6904419134 0 14 5
P 20.2901560549 17.3095580866 0 14 5
P 7.60449517418 23.3298764915 0 89 1
P 22.3955048258 6.67012350854 0 89 1
P 25.0172830244 17.9163507341 0 63 5
P 4.98271697556 12.0836492659 0 63 5
P 22.0139658092 23.2602847897 0 92 2
P 7.9860341908 6.73971521035 0 92 2
