P 15 15 0 33 2
P 13.170659027 28.9667877356 1 100 5
P 16.829340973 1.03321226442 2 100 5
P 8.35351662059 9.79951075144 0 22 4
P 21.6464833794 20.2004892486 0 22 4
P 10.0327025908 11.921792459 0 33 1
P 19.9672974092 18.078207541 0 33 1
P 5.66949866703 9.61329291984 0 63 2
P 24.330501333 20.3867070802 0 63 2
P 20.7445101886 6.75031274406 0 15 4
P 9.25548981135 23.2496872559 0 15 4
P 21.7561839629 11.4645984732 0 97 4
P 8.24381603712 18.5354015268 0 97 4
P 8.25057926203 2.59801198202 0 93 4
P 21.749420738 27.401988018 0 93 4
