P 15 15 0 69 3
P 15.245117892 8.55094219872 1 100 5
P 11.4005219489 9.64330446406 2 100 5
P 11.1842430267 1.57034919207 0 11 2
P 13.0394145353 8.0996710865 0 3 2
P 13.7343217136 10.545414045 0 13 5
P 12.1367205129 4.92261720392 0 16 4
P 12.5538542944 6.39072983893 0 68 3
P 23.0090935331 27.1140872022 0 19 5
P 14.5571600492 29.5155289516 0 19 5
P 8.88500591038 15.2295881301 0 69 2
P 20.3221455606 11.9799619113 0 69 2
P 10.5508657662 8.760597246 0 57 1
P 15.5037006331 7.35335185657 0 57 1
P 0.550940606746 14.4553992487 0 11 5
P 27.0040412019 6.93929890443 0 11 5
P 19.4633474935 4.10354455089 0 39 2
P 5.47400070705 8.07832753785 0 39 2
P 11.5814501527 26.3867998517 0 86 1
P 23.89512048 22.8881256054 0 86 1
