P 15 15 0 78 5
P 2.57773209514 23.0953846386 1 100 5
P 27.4222679049 6.90461536137 2 100 5
P 13.1703089467 12.1923616405 0 68 4
P 16.8296910533 17.8076383595 0 68 4
P 8.49620201533 5.02000219 0 30 3
P 21.5037979847 24.97999781 0 30 3
P 22.2245887471 17.2361783146 0 35 1
P 7.77541125288 12.7638216854 0 35 1
P 9.08862533565 26.6947905372 0 59 2
P 20.9113746644 3.30520946281 0 59 2
P 2.0696202321 9.31598828166 0 31 2
P 27.9303797679 20.6840117183 0 31 2
P 22.4098516387 15.5844715022 0 62 4
P 7.59014836126 14.4155284978 0 62 4
P 15.876559803 22.5540139037 0 25 1
P 14.123440197 7.44598609631 0 25 1
P 21.696476189 26.2765522483 0 99 2
P 8.30352381103 3.72344775167 0 99 2
P 14.0036671867 21.3781502562 0 54 5
P 15.9963328133 8.62184974378 0 54 5
P 6.23258784961 7.6172091767 0 45 3
P 23.7674121504 22.3827908233 0 45 3
P 19.2601613271 27.3863802179 0 44 1
P 10.7398386729 2.61361978208 0 44 1
P 13.8892265133 16.7323190803 0 72 3
P 16.1107734867 13.2676809197 0 72 3
