P 15 15 0 26 2
P 24.2794359643 20.2324481575 1 100 5
P 5.72056403573 9.76755184254 2 100 5
P 10.3318616433 15.8281997868 0 47 1
P 19.6681383567 14.1718002132 0 47 1
P 20.1013202441 1.86386161458 0 91 1
P 9.89867975586 28.1361383854 0 91 1
P 22.4279539626 21.0769810156 0 12 2
P 7.57204603744 8.9230189844 0 12 2
P 14.8217757473 10.0219469558 0 30 4
P 15.1782242527 19.9780530442 0 30 4
P 0.306298704341 13.9979035005 0 28 3
P 29.6937012957 16.0020964995 0 28 3
P 5.47326509685 6.26382520705 0 6 5
P 24.5267349031 23.736174793 0 6 5
P 20.7898150695 12.4745141254 0 61 5
P 9.21018493052 17.5254858746 0 61 5
P 26.1537463702 5.44493134307 0 17 2
P 3.84625362976 24.5550686569 0 17 2
P 8.9815868523 24.6949385831 0 41 3
P 21.0184131477 5.30506141693 0 41 3
P 12.9936342753 26.006297256 0 38 3
P 17.0063657247 3.993702744 0 38 3
P 24.211918045 25.4424597111 0 13 1
P 5.78808195498 4.55754028893 0 13 1
P 11.5511646984 16.1206823543 0 65 3
P 18.4488353016 13.8793176457 0 65 3
