P 15 15 0 72 5
P 7.86659326389 2.30518798647 1 100 5
P 22.1334067361 27.6948120135 2 100 5
P 24.7191670735 18.9697723695 0 22 4
P 5.28083292653 11.0302276305 0 22 4
P 14.3524919247 10.2920674217 0 2 2
P 15.6475080753 19.7079325783 0 2 2
P 14.7396368569 25.437895041 0 26 3
P 15.2603631431 4.562104959 0 26 3
P 13.0687600642 3.29323404323 0 84 4
P 16.9312399358 26.7067659568 0 84 4
P 0.115806740173 16.2492260939 0 18 1
P 29.8841932598 13.7507739061 0 18 1
P 17.356171115 7.80069594738 0 6 1
P 12.643828885 22.1993040526 0 6 1
P 21.5057437365 6.34063965563 0 77 1
P 8.49425626347 23.6593603444 0 77 1
P 25.1716739274 13.6248794912 0 100 3
P 4.82832607259 16.3751205088 0 100 3
P 18.7529811461 24.0960484518 0 82 3
P 11.2470188539 5.9039515482 0 82 3
P 22.5008936977 21.2083536318 0 68 2
P 7.49910630233 8.79164636822 0 68 2
