P 15 15 0 68 0
P 15.3662656176 20.1701876352 1 100 5
P 11.0926223712 11.5945057992 2 100 5
P 3.91234455372 20.5254712946 0 53 1
P 16.0443636933 7.92025986171 0 6 3
P 21.2813432119 18.4290149319 0 6 3
P 7.88200062414 14.4934832798 0 98 5
P 11.1185278016 20.9880420736 0 98 5
P 12.4953476955 5.87292338701 0 45 1
P 20.7790226225 22.4953124147 0 45 1
P 9.55161743236 24.1696103898 0 25 3
P 4.39834927564 13.8288342464 0 25 3
P 24.8793134584 25.5966238371 0 33 1
P 12.4881002699 0.731866593645 0 33 1
P 19.3763525968 21.5088740262 0 22 4
P 12.4383533321 7.58677738836 0 22 4
P 6.90560141606 21.6890771757 0 3 5
P 4.78560883199 17.4350061531 0 3 5
P 6.16237474075 17.1918345184 0 3 1
P 7.92872742307 20.73627605 0 3 1
P 10.2077421182 4.54050861023 0 32 1
P 20.4654221542 25.1240237265 0 32 1
