P 15 15 0 15 3
P 7.02497793974 25.5556954523 1 100 5
P 19.0234489189 2.39700265254 2 100 5
P 8.17381061307 16.4231509231 0 52 5
P 12.2255341524 8.60276939942 0 52 5
P 9.49508549979 25.2678993414 0 88 3
P 20.2129982135 4.58085943246 0 88 3
P 8.94027692725 3.29806423332 0 70 2
P 1.94551870187 16.7989059016 0 70 2
P 26.0514626738 23.1537909425 0 46 5
P 28.0349740466 19.3253422487 0 46 5
P 12.0230674586 6.59528671005 0 82 4
P 6.41709348164 17.415584513 0 82 4
P 16.0444933294 6.89391852352 0 87 4
P 8.98043981272 20.5285095976 0 87 4
P 12.8985376587 2.072862794 0 65 2
P 3.22759169617 20.739113437 0 65 2
P 20.00905515 21.2793581185 0 52 4
P 23.0187148165 15.4703026339 0 52 4
P 22.3418559861 7.6666397279 0 65 2
P 13.2437416357 25.2272468807 0 65 2
P 22.823429682 20.6197068756 0 70 3
P 24.1030487794 18.1498667076 0 70 3
P 8.12086511312 28.19157155 0 44 2
P 21.8087974916 1.77198679054 0 44 2
P 23.5790466078 27.1072558993 0 33 5
P 29.8386333994 15.0253958179 0 33 5
P 17.1853845353 12.3846771874 0 95 5
P 14.1239413926 18.2936818756 0 95 5
