P 15 15 0 4 0
P 26.9100552117 21.4296939197 1 100 5
P 3.08994478832 8.57030608026 2 100 5
P 11.4449936551 26.2869622017 0 17 2
P 18.5550063449 3.71303779827 0 17 2
P 2.11656791552 7.35393949419 0 75 2
P 27.8834320845 22.6460605058 0 75 2
P 13.7640241148 28.9610092563 0 27 2
P 16.2359758852 1.0389907437 0 27 2
P 11.9382471184 10.897272567 0 34 1
P 18.0617528816 19.102727433 0 34 1
P 3.55606399958 23.5348642448 0 21 3
P 26.4439360004 6.46513575517 0 21 3
P 8.7603942414 22.6563219226 0 92 3
P 21.2396057586 7.34367807738 0 92 3
