P 15 15 0 74 4
P 19.8958922648 21.9302974008 1 100 5
P 6.74191171199 16.9500669116 2 100 5
P 18.7666650133 5.05133629013 0 44 3
P 20.1594628063 1.37262400507 0 80 2
P 18.1623831743 6.64738923922 0 69 2
P 19.2505422921 3.77330059914 0 4 1
P 7.65788896383 22.274237036 0 49 1
P 15.6834779465 25.3128064473 0 49 1
P 12.9981219867 7.81966605361 0 55 4
P 21.2553368103 10.9459313583 0 55 4
P 27.7623575863 13.0058564417 0 51 2
P 6.75846486846 5.0535695666 0 51 2
P 9.57455261098 20.6517979071 0 51 4
P 15.3219298531 22.8278132402 0 51 4
P 5.06042153992 25.788583208 0 65 2
P 15.3021388081 29.6662012716 0 65 2
P 12.2116609805 2.69517910942 0 25 1
P 25.238463674 7.6272587708 0 25 1
P 8.66498826128 18.5819516966 0 76 1
P 17.3742504521 21.8793667207 0 76 1
