P 15 15 0 80 5
P 20.9101671296 10.2910412921 1 100 5
P 9.08983287042 19.7089587079 2 100 5
P 27.9764933103 20.7520811809 0 13 2
P 2.02350668973 9.24791881908 0 13 2
P 6.68416355317 10.5660168803 0 60 2
P 23.3158364468 19.4339831197 0 60 2
P 6.67753253491 16.6613263755 0 24 5
P 23.3224674651 13.3386736245 0 24 5
P 14.4215461053 8.5745875406 0 52 2
P 15.5784538947 21.4254124594 0 52 2
P 15.8587328164 0.248915923311 0 17 4
P 14.1412671836 29.7510840767 0 17 4
P 14.0221130786 24.7959733863 0 47 4
P 15.9778869214 5.20402661366 0 47 4
P 1.54333048576 10.9288516569 0 61 1
P 28.4566695142 19.0711483431 0 61 1
P 2.2821659422 22.2192679019 0 11 3
P 27.7178340578 7.78073209813 0 11 3
P 26.9318336926 13.0866092899 0 91 5
P 3.06816630742 16.9133907101 0 91 5
P 11.4787651671 19.408979935 0 70 3
P 18.5212348329 10.591020065 0 70 3
P 21.8193138843 25.0482513972 0 32 5
P 8.18068611566 4.95174860281 0 32 5
P 27.8456882518 11.8239592607 0 95 1
P 2.15431174816 18.1760407393 0 95 1
P 17.9699418618 16.019501086 0 61 1
P 12.0300581382 13.980498914 0 61 1
