P 15 15 0 97 5
P 13.0650406329 28.5754029952 1 100 5
P 22.972886915 26.1565545074 2 100 5
P 17.334162673 19.0726879676 0 4 3
P 14.8051398665 19.6901100407 0 4 3
P 12.8861022433 11.8886425166 0 4 2
P 15.4423601049 11.2645714231 0 4 2
P 19.9930281778 13.2844321475 0 70 5
P 9.7781378034 15.7782407343 0 70 5
P 2.74038463377 16.4766645701 0 31 1
P 26.5608826019 10.6612558678 0 31 1
P 21.2738804489 20.458550315 0 100 1
P 11.9472454952 22.7355049842 0 100 1
P 18.8525467226 21.1533045993 0 96 1
P 14.4163290991 22.2363389929 0 96 1
P 18.5386393826 8.71691630567 0 7 4
P 8.96417823936 11.0543739326 0 7 4
P 28.328792926 18.181976263 0 84 2
P 4.63694337859 23.9659774294 0 84 2
P 7.75501066731 25.8074371226 0 78 3
P 26.4100560418 21.253094331 0 78 3
