P 15 15 0 71 1
P 18.8172332848 27.1471780305 1 100 5
P 5.53364596968 6.48452318255 2 100 5
P 10.9899795446 17.5779580236 0 46 1
P 9.99687464009 18.2164043322 0 95 5
P 6.43430668255 20.5067045321 0 84 4
P 13.1153258479 16.2116174734 0 18 5
P 2.15588318024 9.88319273868 0 91 2
P 14.3230340223 28.8092277298 0 91 2
P 13.4538915641 10.9247088559 0 12 2
P 18.0656948392 18.0983809251 0 12 2
P 12.1989365973 1.32427979079 0 15 2
P 26.2788077463 23.2255562273 0 15 2
P 11.7314526363 13.1540329957 0 94 3
P 15.3225011265 18.7399183244 0 94 3
P 10.6218202651 20.0116831323 0 84 5
P 8.62303789481 16.9025719221 0 84 5
P 8.31938892624 2.87742042216 0 39 5
P 23.2552890374 26.1102521505 0 39 5
