P 15 15 0 15 5
P 22.3957852029 11.5774925335 1 100 5
P 9.59308863639 21.097253942 2 100 5
P 5.37643651705 3.71384564066 0 72 4
P 6.96245216634 2.53452451149 0 72 4
P 1.93128212584 11.8068322351 0 65 3
P 15.7046558017 1.56529987494 0 65 3
P 14.9153768125 22.0999855003 0 88 2
P 21.8237176986 16.9631179176 0 88 2
P 6.33331394208 12.8971819384 0 22 1
P 15.4814476175 6.0948610781 0 22 1
P 20.0117905305 13.2395181953 0 1 2
P 11.8711161309 19.292717815 0 1 2
P 7.61142541638 8.72164706272 0 60 4
P 11.1147343699 6.11667511759 0 60 4
