P 15 15 0 12 1
P 28.0316464098 11.324280644 1 100 5
P 1.96835359024 18.675719356 2 100 5
P 21.2234388154 16.9107098166 0 45 2
P 8.7765611846 13.0892901834 0 45 2
P 0.710688586232 16.7196601812 0 82 3
P 29.2893114138 13.2803398188 0 82 3
P 4.92015584467 8.20953664957 0 51 1
P 25.0798441553 21.7904633504 0 51 1
P 23.0066415718 16.5762365023 0 76 5
P 6.99335842818 13.4237634977 0 76 5
P 28.1003946132 15.5001711334 0 71 5
P 1.89960538681 14.4998288666 0 71 5
P 9.50429324578 24.40924647 0 57 4
P 20.4957067542 5.59075352995 0 57 4
P 12.5587898948 16.9605948644 0 14 4
P 17.4412101052 13.0394051356 0 14 4
P 26.0449046353 15.9430094425 0 57 5
P 3.9550953647 14.0569905575 0 57 5
P 21.2019244885 24.2801030484 0 68 4
P 8.79807551147 5.71989695165 0 68 4
P 27.3202619825 13.6868352244 0 66 5
P 2.67973801747 16.3131647756 0 66 5
P 8.82574918954 14.4593288321 0 57 2
P 21.1742508105 15.5406711679 0 57 2
P 13.7979015161 8.32354180415 0 41 5
P 16.2020984839 21.6764581958 0 41 5
P 18.9721828331 23.6249588046 0 53 3
P 11.0278171669 6.37504119536 0 53 3
