P 15 15 0 72 3
P 1.89343094353 20.5369216607 1 100 5
P 27.7217352318 8.62841412207 2 100 5
P 19.8734954003 25.5701005554 0 20 2
P 17.4680038097 20.3528415021 0 5 2
P 19.288011382 24.3002471054 0 76 4
P 21.2108467757 28.4706754723 0 76 5
P 20.6896247887 27.3401996305 0 76 4
P 5.04688462294 24.632295594 0 12 5
P 28.7883608987 13.6859498312 0 12 5
P 4.27999529763 14.4868021122 0 7 1
P 21.5710366696 6.51452122877 0 7 1
P 6.78619397188 23.5969374223 0 87 3
P 26.8715394364 14.3363028405 0 87 3
P 20.4398258085 13.3232659269 0 63 5
P 10.1924083554 18.0479836872 0 63 5
P 15.1301652386 12.1133930906 0 73 1
P 12.7203016721 13.2244950092 0 73 1
P 17.5873323299 26.0995204879 0 51 4
P 21.7606803638 24.1753389401 0 51 4
