P 15 15 0 100 4
P 4.31120128701 14.0051984995 1 100 5
P 25.688798713 15.9948015005 2 100 5
P 13.8382796814 27.4822837918 0 16 4
P 16.1617203186 2.51771620817 0 16 4
P 6.34275965448 19.6581489625 0 68 5
P 23.6572403455 10.3418510375 0 68 5
P 4.07381087475 16.8379003377 0 72 1
P 25.9261891252 13.1620996623 0 72 1
P 7.89574307138 14.2424753424 0 33 4
P 22.1042569286 15.7575246576 0 33 4
P 27.2420038104 22.8998173112 0 5 5
P 2.75799618956 7.10018268881 0 5 5
P 15.7505284353 19.2586962624 0 50 2
P 14.2494715647 10.7413037376 0 50 2
