P 15 15 0 88 5
P 21.1639581146 8.64850364898 1 100 5
P 9.70483908619 7.90795118233 2 100 5
P 15.836454538 2.05691690346 0 11 3
P 15.6975980442 4.20554669254 0 50 1
P 15.4312953811 8.32624583575 0 78 4
P 15.6315913278 5.22691770239 0 59 1
P 9.77061745498 12.6172203589 0 2 1
P 20.4925797458 13.3101336275 0 2 1
P 23.2919386225 24.3244923305 0 13 1
P 5.57684604058 23.1796438063 0 13 1
P 21.3080831715 19.3028833027 0 65 2
P 8.19054894792 18.4551547555 0 65 2
P 22.8440426793 26.7890426705 0 64 3
P 5.70379506271 25.6813438483 0 64 3
