P 15 15 0 45 2
P 5.4983500736 7.46905431071 1 100 5
P 9.38139436609 4.25626857049 2 100 5
P 18.9035998735 16.1742133032 0 15 3
P 15.4225136008 19.0544236472 0 15 3
P 2.9499003303 14.3665540616 0 50 5
P 16.6340848301 3.04441876884 0 50 5
P 6.48281090999 25.4927747811 0 99 2
P 26.9019960563 8.59817819059 0 99 2
P 6.98597477738 3.97676897202 0 90 5
P 5.67232551505 5.06366711167 0 90 5
P 6.54177997323 23.4711892009 0 92 3
P 24.9051242717 8.27757144617 0 92 3
P 4.62149990873 4.54398222046 0 37 3
P 6.67224385724 2.84722049994 0 37 3
P 21.9123572899 24.8426284986 0 23 2
P 23.3742354776 23.633087468 0 23 2
P 21.5875984293 2.87477158452 0 48 3
P 1.85573047234 19.2006899168 0 48 3
P 24.0855058317 6.45102233323 0 32 2
P 4.90100664288 22.3240541053 0 32 2
P 23.5162916343 22.3116459284 0 36 1
P 20.5876885154 24.7347381289 0 36 1
P 20.192482015 26.8949340958 0 82 3
P 25.7122811756 22.3279163911 0 82 3
P 28.2931777326 9.98886382229 0 45 3
P 7.58840716087 27.1197504764 0 45 3
P 25.486220895 12.2762962071 0 43 2
P 10.360972139 24.7907513253 0 43 2
