P 15 15 0 2 2
P 3.48710226212 17.8057236059 1 100 5
P 23.0371649314 6.29236661657 2 100 5
P 8.48625560423 3.93944561368 0 30 1
P 24.01398052 26.5532424309 0 45 2
P 20.7320581314 28.4860210981 0 45 2
P 15.5604804997 7.20585046681 0 34 2
P 7.91198393151 11.710177277 0 34 2
P 9.86509793335 1.65234410189 0 27 2
P 5.81741705066 4.03609067956 0 27 2
P 24.6055140893 21.7835742494 0 76 1
P 16.2739734656 26.6901570617 0 76 1
P 27.8618138726 10.2302191266 0 87 3
P 4.59102101122 23.9347759953 0 87 3
P 9.70453636655 13.6091762984 0 30 1
P 16.3518613823 9.69445606323 0 30 1
