P 15 15 0 57 3
P 20.4731656493 20.6454696461 1 100 5
P 9.5268343507 9.35453035389 2 100 5
P 5.26794694106 24.4350234504 0 95 2
P 24.7320530589 5.56497654964 0 95 2
P 9.81383774106 20.0278766704 0 62 2
P 20.1861622589 9.97212332956 0 62 2
P 16.8162797005 6.91920102285 0 17 5
P 13.1837202995 23.0807989771 0 17 5
P 15.0455338878 0.986998568942 0 27 2
P 14.9544661122 29.0130014311 0 27 2
P 24.1130596921 7.77614671155 0 42 4
P 5.88694030787 22.2238532885 0 42 4
P 11.5784128208 10.2053408546 0 94 4
P 18.4215871792 19.7946591454 0 94 4
