P 15 15 0 88 2
P 21.2340192041 11.7232042308 1 100 5
P 9.50656437629 10.5928976642 2 100 5
P 16.3847439098 0.632639736831 0 9 1
P 9.19318888837 17.8410513591 0 20 3
P 20.1573135344 18.8977872209 0 20 3
P 23.2782921027 7.66134665542 0 4 2
P 8.27568913955 6.21537727041 0 4 2
P 2.03701317536 18.5828746198 0 64 1
P 27.0400810169 20.9927011492 0 64 1
P 25.844164561 20.6121918439 0 63 3
P 3.28358840275 18.4377756767 0 63 3
P 16.2597596025 23.0168826406 0 29 5
P 12.2322987779 22.628710997 0 29 5
P 13.4705891375 24.8606943801 0 16 4
P 14.6179805683 24.971281382 0 16 4
P 7.14961622288 12.3493774926 0 87 4
P 23.2121142711 13.8975008737 0 87 4
P 11.0525737206 0.578647599506 0 72 5
P 21.6290730347 1.59802365353 0 72 5
P 22.5390600768 5.18406723769 0 70 2
P 9.47444502631 3.92488351894 0 70 2
P 21.5934757964 23.6289628057 0 86 5
P 6.87986381625 22.2108467282 0 86 5
P 24.3912053838 24.2273584858 0 21 4
P 4.01934738469 22.2638936754 0 21 4
P 17.3187072139 12.2023343846 0 75 5
P 13.2582962611 11.810986967 0 75 5
