P 15 15 0 57 1
P 6.3055633261 10.6991489614 1 100 5
P 7.25080010755 20.8344194021 2 100 5
P 26.2810716003 13.9479033763 0 12 3
P 28.5678894422 13.7346299023 0 9 3
P 21.2254318124 14.4194030476 0 62 5
P 29.7247198589 13.6267414482 0 13 1
P 21.5536439578 10.6084416126 0 8 5
P 22.2526909742 18.1039503585 0 8 5
P 20.2573649911 6.53115947798 0 12 1
P 21.7327213455 22.3506196828 0 12 1
P 17.091331685 11.9729184106 0 91 5
P 17.6150207438 17.5881571967 0 91 5
P 7.38784732312 22.5986308053 0 34 5
P 6.11401638866 8.94002031772 0 34 5
P 4.11751734417 22.1937816129 0 2 3
P 2.97494840158 9.94262353545 0 2 3
P 26.7180972149 10.9589138265 0 60 3
P 27.2632720271 16.8045329004 0 60 3
P 20.5127653918 26.6262736304 0 35 5
P 18.2678116986 2.55483115837 0 35 5
P 14.5158199552 0.146848080796 0 40 4
P 17.2707534521 29.6865323004 0 40 4
P 15.2928322601 29.3187629797 0 86 1
P 12.6400156745 0.874023998826 0 86 1
P 23.7743108022 6.86296782176 0 87 3
P 25.1276585275 21.374194496 0 87 3
P 4.6683529724 13.764551787 0 46 1
P 5.0749828749 18.1246276029 0 46 1
