P 15 15 0 87 4
P 22.2299053549 7.36255503688 1 100 5
P 7.77009464505 22.6374449631 2 100 5
P 12.0699395804 23.9981258891 0 58 1
P 17.9300604196 6.00187411089 0 58 1
P 2.13856908867 18.9576759532 0 78 5
P 27.8614309113 11.0423240468 0 78 5
P 15.4460534242 2.49528398802 0 73 1
P 14.5539465758 27.504716012 0 73 1
P 25.8498771046 6.67324216306 0 59 4
P 4.15012289541 23.3267578369 0 59 4
P 22.9755242643 10.8167326221 0 14 2
P 7.02447573569 19.1832673779 0 14 2
P 12.641130733 14.7445130133 0 89 3
P 17.358869267 15.2554869867 0 89 3
P 8.81154674771 13.2962083646 0 27 2
P 21.1884532523 16.7037916354 0 27 2
P 4.07591186813 16.9628809932 0 68 5
P 25.9240881319 13.0371190068 0 68 5
P 16.1832105049 10.0897515714 0 67 2
P 13.8167894951 19.9102484286 0 67 2
P 13.32923693 24.4769198194 0 4 2
P 16.67076307 5.52308018055 0 4 2
P 9.09382696768 19.6262873644 0 26 3
P 20.9061730323 10.3737126356 0 26 3
