P 15 15 0 61 1
P 17.3104541231 2.72448555708 1 100 5
P 12.6895458769 27.2755144429 2 100 5
P 14.0430863071 10.4752105252 0 69 5
P 15.9569136929 19.5247894748 0 69 5
P 0.687119884935 14.8542931655 0 10 3
P 29.3128801151 15.1457068345 0 10 3
P 10.8103987388 19.9748557572 0 5 5
P 19.1896012612 10.0251442428 0 5 5
P 20.1978845153 23.7886377927 0 93 5
P 9.80211548472 6.21136220729 0 93 5
P 8.97472222762 10.6590492172 0 40 3
P 21.0252777724 19.3409507828 0 40 3
P 17.9029338654 19.9092086509 0 63 4
P 12.0970661346 10.0907913491 0 63 4
P 13.2629730156 5.98951436441 0 12 4
P 16.7370269844 24.0104856356 0 12 4
P 2.44552275376 13.2931493782 0 91 3
P 27.5544772462 16.7068506218 0 91 3
P 8.25087266554 6.45370839069 0 47 4
P 21.7491273345 23.5462916093 0 47 4
P 16.233972209 8.85416911812 0 79 3
P 13.766027791 21.1458308819 0 79 3
