P 15 15 0 8 5
P 10.0458617972 7.57327302095 1 100 5
P 10.7200077506 22.8346298763 2 100 5
P 2.50702581401 15.5518570906 0 48 1
P 10.5099734065 15.1983397209 0 82 4
P 0.164396736848 15.6553389715 0 29 3
P 4.05723519992 15.4833790782 0 43 5
P 23.9984282061 22.6030611776 0 5 1
P 23.2929816125 6.63311853642 0 5 1
P 12.4799238971 3.62813706661 0 61 1
P 13.4924505576 26.5497768298 0 61 1
P 4.26360518486 8.82749854269 0 91 4
P 4.84968189258 22.0951384895 0 91 4
P 18.3435385484 21.8704482494 0 86 3
P 17.724715575 7.86149636077 0 86 3
