P 15 15 0 18 4
P 19.9533115575 5.02892105994 1 100 5
P 10.0466884425 24.9710789401 2 100 5
P 7.65343616743 14.011101777 0 28 4
P 22.3465638326 15.988898223 0 28 4
P 21.2443435342 23.2643809036 0 39 4
P 8.75565646582 6.73561909636 0 39 4
P 16.6010882515 10.7159810394 0 16 1
P 13.3989117485 19.2840189606 0 16 1
P 12.7023597329 4.02195708554 0 40 2
P 17.2976402671 25.9780429145 0 40 2
P 20.3822144972 18.1374199822 0 84 1
P 9.6177855028 11.8625800178 0 84 1
P 3.17116075973 14.891302077 0 59 2
P 26.8288392403 15.108697923 0 59 2
P 11.8341278931 8.53697946099 0 95 1
P 18.1658721069 21.463020539 0 95 1
