P 15 15 0 1 3
P 21.8896871042 25.2358435999 1 100 5
P 27.2825654402 13.8257475552 2 100 5
P 4.30235716519 9.9438562074 0 91 2
P 15.0590201654 24.694507322 0 30 5
P 22.5281649118 8.89150684243 0 30 5
P 17.3167373018 9.5891837042 0 58 4
P 12.2898705327 20.2248830592 0 58 4
P 8.79917096456 7.56993986767 0 84 3
P 5.32268070413 14.9253974358 0 84 3
P 21.5349657199 5.3700646766 0 57 2
P 11.7076063056 26.1625075612 0 57 2
P 28.8259529765 11.6809865746 0 15 2
P 21.2122310635 27.7898792426 0 15 2
P 24.8671333464 21.6466468158 0 21 4
P 26.3993745729 18.4047751345 0 21 4
P 14.989715423 4.297405813 0 58 2
P 6.72384952453 21.7860858683 0 58 2
