P 15 15 0 95 2
P 13.0326670559 25.7809928384 1 100 5
P 8.44628375434 23.7834508518 2 100 5
P 9.60036611094 27.3976321246 0 33 4
P 10.9118682575 24.3864055344 0 39 3
P 11.486034008 23.0681132392 0 94 5
P 7.01575437678 7.42009806537 0 9 1
P 25.9880068292 15.6832257549 0 9 1
P 5.42732573909 15.2168473638 0 72 4
P 21.3612342009 22.1566622616 0 72 4
P 12.9046147895 7.05804616353 0 83 1
P 22.2421571473 11.1248961595 0 83 1
P 6.3148913832 9.64675292162 0 43 5
P 24.8350461162 17.7129750939 0 43 5
P 11.2877212842 0.742344195713 0 29 2
P 27.9676938561 8.00709800212 0 29 2
P 8.27605244495 27.5291848102 0 27 4
P 10.4060433146 28.4568757408 0 27 4
P 16.9469112665 24.4449433761 0 75 2
P 6.75850332174 20.0075094966 0 75 2
P 5.17250733112 8.62161586625 0 49 3
P 26.3637205561 17.8511842169 0 49 3
