P 15 15 0 74 3
P 4.67063115627 5.77835678261 1 100 5
P 25.3293688437 24.2216432174 2 100 5
P 10.6956611958 19.8213861769 0 17 4
P 19.3043388042 10.1786138231 0 17 4
P 5.84029727139 25.2599879167 0 7 5
P 24.1597027286 4.74001208329 0 7 5
P 12.7445243416 22.6202102996 0 76 5
P 17.2554756584 7.37978970038 0 76 5
P 4.54252513306 16.1888366307 0 42 1
P 25.4574748669 13.8111633693 0 42 1
P 14.5539918436 26.7188388792 0 88 2
P 15.4460081564 3.28116112077 0 88 2
P 25.2017598947 8.07788344945 0 93 4
P 4.7982401053 21.9221165506 0 93 4
P 18.9936804556 16.0067334788 0 35 3
P 11.0063195444 13.9932665212 0 35 3
P 6.38907116301 20.3618795942 0 4 5
P 23.610928837 9.63812040577 0 4 5
P 5.59669433092 13.4755406337 0 22 5
P 24.4033056691 16.5244593663 0 22 5
P 27.2634668743 14.0646516273 0 87 2
P 2.73653312569 15.9353483727 0 87 2
