P 15 15 0 77 2
P 18.4681280515 10.1619826949 1 100 5
P 11.5318719485 19.8380173051 2 100 5
P 14.3065540793 4.89844632165 0 5 2
P 15.6934459207 25.1015536784 0 5 2
P 23.5253247494 23.1143400655 0 52 4
P 6.47467525058 6.88565993447 0 52 4
P 13.2071006428 21.2829045406 0 45 2
P 16.7928993572 8.71709545943 0 45 2
P 20.8137053096 3.20536708124 0 10 5
P 9.18629469038 26.7946329188 0 10 5
P 15.1746225533 21.2043610588 0 55 4
P 14.8253774467 8.79563894123 0 55 4
P 21.6485701383 20.893878306 0 1 2
P 8.35142986166 9.10612169403 0 1 2
P 8.1707461979 16.9111642814 0 36 2
P 21.8292538021 13.0888357186 0 36 2
