P 15 15 0 59 1
P 7.09167338835 9.60523079742 1 100 5
P 22.9083266117 20.3947692026 2 100 5
P 7.303820882 26.2820207578 0 97 5
P 22.696179118 3.71797924221 0 97 5
P 6.58360263113 27.3378066396 0 87 2
P 23.4163973689 2.66219336044 0 87 2
P 10.1633942274 5.06871790819 0 42 4
P 19.8366057726 24.9312820918 0 42 4
P 19.8278549171 22.1663117702 0 40 5
P 10.1721450829 7.8336882298 0 40 5
P 19.8262351326 5.71120019207 0 25 5
P 10.1737648674 24.2887998079 0 25 5
P 14.889170872 0.867646351692 0 13 1
P 15.110829128 29.1323536483 0 13 1
