P 15 15 0 56 5
P 27.584826053 19.7116894038 1 100 5
P 1.5838412841 14.2354418725 2 100 5
P 12.8642095133 25.1406402098 0 79 3
P 12.2607086898 28.0060358352 0 80 1
P 14.2372954755 18.6212878637 0 1 5
P 13.7261631637 21.0481218187 0 1 5
P 18.5600712532 25.0693544204 0 5 4
P 7.68096726855 22.7780309622 0 5 4
P 16.2790390786 1.32723897077 0 11 1
P 19.3444123692 1.97285847573 0 11 1
P 11.7603466866 10.5783688704 0 71 4
P 19.7478715122 12.2606768097 0 71 4
P 17.3702178238 1.3093295948 0 98 2
P 18.3531535294 1.51635249332 0 98 2
P 22.533471178 16.9377879282 0 38 4
P 7.32491092241 13.7346076912 0 38 4
P 0.315361239188 14.7813317276 0 34 2
P 28.5253677318 20.7228366277 0 34 2
P 3.84985873349 19.2850613286 0 63 3
P 23.4745854863 23.4183609858 0 63 3
P 15.727478216 23.7053693819 0 32 4
P 10.8230819918 22.6724205165 0 32 4
P 13.2418342863 29.3118927151 0 73 4
P 10.8362236276 28.8052303887 0 73 4
