P 15 15 0 28 0
P 3.17356774032 11.5264689275 1 100 5
P 26.8264322597 18.4735310725 2 100 5
P 12.5973687718 23.1803084159 0 79 4
P 17.4026312282 6.81969158406 0 79 4
P 13.2408028248 20.9895897834 0 63 5
P 16.7591971752 9.01041021664 0 63 5
P 20.0467453559 14.6726923351 0 91 4
P 9.95325464407 15.3273076649 0 91 4
P 26.5983003131 8.80226075201 0 51 2
P 3.40169968689 21.197739248 0 51 2
P 7.32048935378 18.5346588692 0 88 3
P 22.6795106462 11.4653411308 0 88 3
P 22.3589719337 16.5496643774 0 19 1
P 7.64102806632 13.4503356226 0 19 1
P 25.9623292794 23.6959236102 0 100 1
P 4.03767072056 6.30407638979 0 100 1
P 19.1656895024 24.9283656074 0 51 5
P 10.8343104976 5.07163439259 0 51 5
