P 15 15 0 58 3
P 22.3059775621 27.8816256389 1 100 5
P 7.69402243792 2.11837436109 2 100 5
P 2.88337514276 21.8720976542 0 70 3
P 27.1166248572 8.12790234583 0 70 3
P 4.73628005137 20.8211991056 0 18 4
P 25.2637199486 9.17880089438 0 18 4
P 3.74851478722 22.7817849745 0 1 5
P 26.2514852128 7.21821502548 0 1 5
P 17.4294985899 17.8835537458 0 45 2
P 12.5705014101 12.1164462542 0 45 2
P 2.82846271755 10.9219400513 0 74 5
P 27.1715372824 19.0780599487 0 74 5
P 16.9395796654 29.7896501572 0 16 4
P 13.0604203346 0.210349842762 0 16 4
P 14.9960196999 3.49871347458 0 92 4
P 15.0039803001 26.5012865254 0 92 4
P 9.60384762686 17.3728506582 0 69 2
P 20.3961523731 12.6271493418 0 69 2
P 22.9492824608 26.7089063629 0 26 2
P 7.05071753924 3.29109363707 0 26 2
