P 15 15 0 51 2
P 20.5088127888 6.46807580456 1 100 5
P 9.49118721115 23.5319241954 2 100 5
P 8.57830759147 10.8537018783 0 74 1
P 21.4216924085 19.1462981217 0 74 1
P 4.17187742709 8.00859938011 0 77 5
P 25.8281225729 21.9914006199 0 77 5
P 2.55570682252 7.17948096164 0 70 4
P 27.4442931775 22.8205190384 0 70 4
P 22.3785979793 21.6573856311 0 10 5
P 7.62140202071 8.34261436891 0 10 5
P 8.86522600907 8.69301673107 0 25 3
P 21.1347739909 21.3069832689 0 25 3
P 6.10943323123 7.81443314699 0 56 5
P 23.8905667688 22.185566853 0 56 5
P 23.6386355628 13.0471860602 0 92 5
P 6.36136443719 16.9528139398 0 92 5
P 13.1247764627 4.27693737815 0 72 2
P 16.8752235373 25.7230626218 0 72 2
P 7.84063780382 17.1586397691 0 16 1
P 22.1593621962 12.8413602309 0 16 1
P 15.3825244606 18.4906593924 0 29 5
P 14.6174755394 11.5093406076 0 29 5
P 17.5382647931 19.5353613931 0 88 4
P 12.4617352069 10.4646386069 0 88 4
