P 15 15 0 3 2
P 16.6487533597 25.7449494878 1 100 5
P 13.3512466403 4.2550505122 2 100 5
P 5.24181743677 16.4973394062 0 100 5
P 24.7581825632 13.5026605938 0 100 5
P 25.7667913712 13.6270173147 0 75 3
P 4.23320862876 16.3729826853 0 75 3
P 12.1030451965 1.71903805359 0 7 3
P 17.8969548035 28.2809619464 0 7 3
P 12.376674433 26.2972511235 0 46 2
P 17.623325567 3.70274887648 0 46 2
P 25.3488864472 18.0294897783 0 95 1
P 4.65111355281 11.9705102217 0 95 1
P 17.2977734882 16.2619406456 0 48 4
P 12.7022265118 13.7380593544 0 48 4
P 4.20427934819 23.1705098144 0 86 5
P 25.7957206518 6.82949018562 0 86 5
P 21.3185052501 22.3072820931 0 43 3
P 8.68149474991 7.6927179069 0 43 3
P 18.9874814235 13.1706258514 0 38 5
P 11.0125185765 16.8293741486 0 38 5
P 4.69966713382 13.6077356242 0 42 5
P 25.3003328662 16.3922643758 0 42 5
P 8.71606373142 27.0895377335 0 63 3
P 21.2839362686 2.91046226655 0 63 3
P 12.8354297944 24.674192994 0 41 4
P 17.1645702056 5.32580700597 0 41 4
