P 15 15 0 46 3
P 9.60359892038 11.3198307803 1 100 5
P 20.3964010796 18.6801692197 2 100 5
P 12.5776116088 18.5520593073 0 79 1
P 17.4223883912 11.4479406927 0 79 1
P 23.4906874357 11.8495297173 0 12 1
P 6.50931256433 18.1504702827 0 12 1
P 4.96226563475 10.2700487754 0 11 2
P 25.0377343652 19.7299512246 0 11 2
P 26.2392976813 22.6812742185 0 51 1
P 3.76070231868 7.3187257815 0 51 1
P 10.5651667792 4.61240844077 0 90 5
P 19.4348332208 25.3875915592 0 90 5
P 20.5695723833 7.71659597352 0 33 5
P 9.43042761665 22.2834040265 0 33 5
P 9.5620737906 2.74567370555 0 8 4
P 20.4379262094 27.2543262944 0 8 4
P 4.48983450696 8.37085479112 0 39 2
P 25.510165493 21.6291452089 0 39 2
P 14.0495645094 12.8813379809 0 62 4
P 15.9504354906 17.1186620191 0 62 4
P 6.9494390921 20.16569357 0 31 3
P 23.0505609079 9.83430642995 0 31 3
P 22.7739847379 26.868831145 0 47 2
P 7.22601526208 3.13116885503 0 47 2
