P 15 15 0 21 3
P 21.8153644205 14.4237850066 1 100 5
P 8.9603809452 18.2100183139 2 100 5
P 13.1832149979 8.83166876277 0 45 3
P 12.5189112374 6.57623092502 0 86 3
P 11.9500457418 4.64482418068 0 28 1
P 13.2095179269 16.6398262857 0 52 5
P 17.3934906949 15.4075028774 0 52 5
P 4.76221723785 23.8717464691 0 61 3
P 28.4122029636 16.9060149422 0 61 3
P 10.4267587868 25.6916237709 0 20 1
P 24.6384685336 21.5057880676 0 20 1
P 3.57969837067 15.7350290117 0 76 4
P 24.9954575315 9.42735379838 0 76 4
P 9.55948130356 26.9081237606 0 25 3
P 26.0266829914 22.0579683615 0 25 3
