P 15 15 0 17 5
P 17.1134656555 26.5347324932 1 100 5
P 22.7019391265 23.8429024905 2 100 5
P 13.3061197959 11.4833572052 0 43 3
P 11.1849192013 7.07956007159 0 5 5
P 12.5758190409 9.96718924843 0 1 3
P 9.74754133148 4.09543845712 0 66 5
P 25.8521285044 14.6297477419 0 24 5
P 7.94568370373 23.2548410889 0 24 5
P 9.29348890934 15.5242131133 0 17 4
P 18.9671214825 10.8646626064 0 17 4
P 21.5692141183 9.75787924769 0 64 4
P 6.80601251856 16.8689497765 0 64 4
P 6.93415288689 20.4546293547 0 78 1
P 24.2930990841 12.0932525976 0 78 1
P 8.55285005457 22.1074941888 0 88 2
P 24.5764952052 14.3892990517 0 88 2
P 9.36215843119 27.6811267284 0 9 3
P 28.4302128843 18.4965146273 0 9 3
P 17.4380426451 28.4470096897 0 18 4
P 23.9948836905 25.2887408816 0 18 4
P 18.0424878995 14.6882371249 0 44 2
P 12.8596510787 17.1846819457 0 44 2
P 16.0330760991 9.88305938635 0 58 4
P 10.3549126866 12.6180908243 0 58 4
P 3.56574356568 6.44275462914 0 18 1
P 15.4364836876 0.724911540261 0 18 1
P 21.7060819516 26.0784315701 0 85 3
P 19.4822800561 27.1495821613 0 85 3
