P 15 15 0 80 0
P 14.1286042337 9.45682100374 1 100 5
P 15.8713957663 20.5431789963 2 100 5
P 1.84698416133 17.0676731392 0 53 5
P 28.1530158387 12.9323268608 0 53 5
P 8.40082888719 18.8041499859 0 4 2
P 21.5991711128 11.1958500141 0 4 2
P 2.48959557311 20.5430095584 0 72 3
P 27.5104044269 9.45699044163 0 72 3
P 3.14551721467 6.06691073592 0 14 3
P 26.8544827853 23.9330892641 0 14 3
P 7.86539184267 14.5739373357 0 4 4
P 22.1346081573 15.4260626643 0 4 4
P 24.2768434536 9.25368719811 0 46 2
P 5.72315654644 20.7463128019 0 46 2
P 7.09623503388 21.7660372601 0 30 2
P 22.9037649661 8.23396273992 0 30 2
P 17.4662441423 28.3357977377 0 92 2
P 12.5337558577 1.66420226225 0 92 2
P 12.4335069692 6.76073699734 0 54 3
P 17.5664930308 23.2392630027 0 54 3
P 24.2503541752 14.7457851204 0 3 4
P 5.74964582482 15.2542148796 0 3 4
P 16.8438782681 7.56021398394 0 75 3
P 13.1561217319 22.4397860161 0 75 3
P 19.2357898808 19.7836134551 0 59 4
P 10.7642101192 10.2163865449 0 59 4
