P 15 15 0 53 4
P 22.3022641974 22.9857816137 1 100 5
P 7.69773580262 7.01421838634 2 100 5
P 6.65422684154 22.6314434182 0 94 4
P 23.3457731585 7.36855658182 0 94 4
P 7.6820072384 21.6916325947 0 85 1
P 22.3179927616 8.30836740534 0 85 1
P 3.30185637807 6.67286116797 0 56 2
P 26.6981436219 23.327138832 0 56 2
P 17.7561907097 5.28563278877 0 71 1
P 12.2438092903 24.7143672112 0 71 1
P 3.93763402315 20.4559726905 0 91 3
P 26.0623659769 9.54402730953 0 91 3
P 23.478025231 23.3597178602 0 50 1
P 6.52197476902 6.64028213984 0 50 1
