P 15 15 0 59 5
P 8.39596803511 16.6510409909 1 100 5
P 20.1827718425 10.5866055495 2 100 5
P 3.55330191828 5.46948585454 0 61 2
P 13.9004801308 0.145753034631 0 61 2
P 20.2830029918 3.56310397128 0 32 1
P 2.6231304549 12.6492954999 0 32 1
P 14.3362385994 8.55521674063 0 94 5
P 10.1421949331 10.7130966433 0 94 5
P 10.8362231057 0.766952530272 0 81 5
P 5.84021774364 3.33745022232 0 81 5
P 23.7533392765 18.320293924 0 70 1
P 12.6125232004 24.0523618334 0 70 1
P 25.6258130139 11.2644479898 0 88 5
P 5.78302936617 21.4737704131 0 88 5
P 8.13609557938 12.1381152104 0 5 1
P 16.6619818805 7.7514563757 0 5 1
P 26.6544611006 10.3708648326 0 37 1
P 4.45794740605 21.791206303 0 37 1
P 7.40340061515 10.316605983 0 48 3
P 15.6059099696 6.09632801361 0 48 3
P 18.0362515586 11.3948097748 0 71 1
P 10.3014870735 15.3744280531 0 71 1
P 10.0942454733 22.5130124511 0 100 3
P 23.9649378655 15.3763942537 0 100 3
P 18.0243232589 18.6316077858 0 95 5
P 16.1965328822 19.5720253002 0 95 5
