P 15 15 0 93 0
P 14.003845514 20.3616580575 1 100 5
P 15.996154486 9.63834194247 2 100 5
P 5.02055587534 13.1458966748 0 60 4
P 24.9794441247 16.8541033252 0 60 4
P 11.1903141912 22.9165599241 0 3 1
P 18.8096858088 7.08344007593 0 3 1
P 24.4065932997 5.4268297936 0 32 4
P 5.59340670034 24.5731702064 0 32 4
P 13.6887262951 28.0395863389 0 85 3
P 16.3112737049 1.96041366106 0 85 3
P 6.18922697791 22.0372775735 0 97 3
P 23.8107730221 7.96272242647 0 97 3
P 21.7990760367 22.7309697356 0 7 2
P 8.20092396328 7.26903026445 0 7 2
P 0.899089841134 19.4187222351 0 19 2
P 29.1009101589 10.5812777649 0 19 2
P 11.3898504379 18.5887296887 0 92 5
P 18.6101495621 11.4112703113 0 92 5
