P 15 15 0 75 2
P 1.88777735149 12.6907705764 1 100 5
P 16.6555574881 1.78932050505 2 100 5
P 19.4812915992 21.0706354321 0 57 4
P 21.1984438712 23.3967963601 0 17 2
P 22.4120505575 25.0408232188 0 68 4
P 23.3999933442 26.3791517684 0 5 5
P 17.5491354517 18.4532169247 0 3 4
P 20.0672234441 27.9752732622 0 70 4
P 25.9069997802 23.6643998901 0 70 4
P 4.30935902596 11.2567082617 0 13 5
P 14.5718195663 3.6810469128 0 13 5
P 9.87445074902 17.5426649861 0 56 2
P 18.9396353806 10.8508225606 0 56 2
P 25.3028190707 6.30987134039 0 95 1
P 3.66062965969 22.2859520456 0 95 1
P 14.4135532914 0.380705809538 0 34 5
P 1.20206285696 10.1333160195 0 34 5
P 7.26351787444 9.96121529373 0 83 1
P 12.4636272759 6.12253862866 0 83 1
P 12.0178035507 1.59555969805 0 66 4
P 3.06870891212 8.2017054751 0 66 4
P 8.9546003782 26.5755011573 0 72 3
P 27.8426631248 12.6324934018 0 72 3
P 11.4815584474 20.4399149173 0 56 2
P 21.2349538868 13.2400411093 0 56 2
