P 15 15 0 81 2
P 16.681436771 9.12383158286 1 100 5
P 13.318563229 20.8761684171 2 100 5
P 1.21940904488 11.0567514896 0 83 2
P 28.7805909551 18.9432485104 0 83 2
P 9.67281389547 8.92651587017 0 33 5
P 20.3271861045 21.0734841298 0 33 5
P 6.58385431711 2.97180029402 0 83 1
P 23.4161456829 27.028199706 0 83 1
P 14.5380221573 1.56608877106 0 11 2
P 15.4619778427 28.4339112289 0 11 2
P 23.2452480399 14.6252333411 0 84 1
P 6.75475196015 15.3747666589 0 84 1
P 20.4985901363 7.43346036652 0 44 5
P 9.50140986367 22.5665396335 0 44 5
P 21.7514178566 14.858260608 0 53 3
P 8.24858214344 15.141739392 0 53 3
P 12.987671006 1.04550366446 0 79 5
P 17.012328994 28.9544963355 0 79 5
P 9.58314217543 25.9523106533 0 55 2
P 20.4168578246 4.04768934671 0 55 2
P 12.8841325938 13.5895853549 0 20 2
P 17.1158674062 16.4104146451 0 20 2
