P 15 15 0 28 2
P 11.0117740815 3.55842853622 1 100 5
P 18.9882259185 26.4415714638 2 100 5
P 3.26127217717 19.0918066807 0 14 4
P 26.7387278228 10.9081933193 0 14 4
P 6.67203413517 17.9029062498 0 35 5
P 23.3279658648 12.0970937502 0 35 5
P 14.4686018516 20.7187658731 0 17 2
P 15.5313981484 9.2812341269 0 17 2
P 26.7909279256 23.3895956452 0 7 4
P 3.20907207438 6.61040435485 0 7 4
P 18.7659780371 21.9655412849 0 94 3
P 11.2340219629 8.03445871507 0 94 3
P 11.1701445566 15.2800551063 0 78 1
P 18.8298554434 14.7199448937 0 78 1
P 15.274733106 5.51246955063 0 97 1
P 14.725266894 24.4875304494 0 97 1
P 29.1728993011 16.6267210154 0 39 3
P 0.827100698866 13.3732789846 0 39 3
P 8.00829478781 22.4856942645 0 12 3
P 21.9917052122 7.51430573545 0 12 3
P 13.2309294012 17.4429665413 0 15 2
P 16.7690705988 12.5570334587 0 15 2
P 17.447240527 7.69188720377 0 4 4
P 12.552759473 22.3081127962 0 4 4
P 5.16677580287 15.3468999727 0 55 5
P 24.8332241971 14.6531000273 0 55 5
P 6.78886445035 22.2462602671 0 28 5
P 23.2111355496 7.75373973289 0 28 5
