P 15 15 0 99 1
P 15.8922488164 27.0641979153 1 100 5
P 14.1077511836 2.93580208473 2 100 5
P 6.96320580838 21.0827047761 0 31 3
P 23.0367941916 8.91729522386 0 31 3
P 27.4259849058 18.0923011772 0 5 4
P 2.57401509423 11.9076988228 0 5 4
P 10.9658226111 6.9422970884 0 54 4
P 19.0341773889 23.0577029116 0 54 4
P 4.18020923051 20.3421932823 0 45 1
P 25.8197907695 9.65780671774 0 45 1
P 17.9040576807 29.2854559826 0 44 2
P 12.0959423193 0.714544017441 0 44 2
P 12.4957085666 18.6931355558 0 9 1
P 17.5042914334 11.3068644442 0 9 1
P 23.1502731311 21.1379895548 0 63 1
P 6.84972686893 8.8620104452 0 63 1
P 15.9639774344 11.5642113623 0 34 5
P 14.0360225656 18.4357886377 0 34 5
P 20.3679236749 2.94341194148 0 56 1
P 9.63207632506 27.0565880585 0 56 1
