P 15 15 0 5 1
P 6.2919150768 25.3445347758 1 100 5
P 13.2663436478 1.58975845075 2 100 5
P 17.6034978644 15.7643898491 0 20 5
P 28.4123910971 18.9378928428 0 94 4
P 25.0910694855 17.9627491486 0 83 5
P 21.7305060273 16.9760840048 0 5 3
P 24.0808337105 17.666142809 0 21 3
P 22.6337528144 22.4202666392 0 86 1
P 25.4335216556 12.8843051041 0 86 1
P 20.4429894751 15.9560093619 0 59 1
P 20.0958917677 17.1382178134 0 59 1
P 21.7039009694 14.7042825503 0 91 1
P 20.4799845019 18.8729196836 0 91 1
P 9.6138152656 12.3259497602 0 72 4
P 9.02312139604 14.3378422909 0 72 4
