P 15 15 0 47 0
P 5.98064389699 4.58976211288 1 100 5
P 24.019356103 25.4102378871 2 100 5
P 12.9814621079 16.7488468807 0 59 2
P 17.0185378921 13.2511531193 0 59 2
P 4.16438899793 24.387896346 0 25 1
P 25.8356110021 5.61210365402 0 25 1
P 11.1132222514 8.81074738395 0 43 4
P 18.8867777486 21.189252616 0 43 4
P 10.4602980557 17.9355336558 0 27 2
P 19.5397019443 12.0644663442 0 27 2
P 5.34130612649 25.2049585492 0 72 5
P 24.6586938735 4.79504145081 0 72 5
P 20.3549949757 6.59322112036 0 69 2
P 9.64500502433 23.4067788796 0 69 2
P 23.3580422944 5.98948784895 0 65 5
P 6.64195770556 24.010512151 0 65 5
