P 15 15 0 52 3
P 8.53376787539 5.79338490477 1 100 5
P 21.4662321246 24.2066150952 2 100 5
P 14.0744571157 0.921692094767 0 58 1
P 15.9255428843 29.0783079052 0 58 1
P 9.17587238171 1.29884542145 0 11 2
P 20.8241276183 28.7011545785 0 11 2
P 19.4072612671 14.8971415677 0 74 5
P 10.5927387329 15.1028584323 0 74 5
P 5.26927505906 19.5941192429 0 72 4
P 24.7307249409 10.4058807571 0 72 4
P 22.2655015943 9.70618689359 0 78 3
P 7.7344984057 20.2938131064 0 78 3
P 8.30426210012 18.0646597686 0 53 1
P 21.6957378999 11.9353402314 0 53 1
