P 15 15 0 77 3
P 8.70408798421 17.5118106877 1 100 5
P 19.6505457033 10.0684560529 2 100 5
P 6.91793633539 3.11423443758 0 32 3
P 10.6487350555 8.60087755106 0 13 2
P 12.4008974358 11.177668844 0 17 5
P 9.07373496253 6.2846273156 0 54 2
P 8.15212504065 4.92927552353 0 97 5
P 7.26766962797 21.8291499853 0 19 3
P 24.1936181096 10.3198708822 0 19 3
P 17.6004690608 15.0402312863 0 16 4
P 14.0813711659 17.4331417875 0 16 4
P 5.85838767824 13.0270966026 0 67 1
P 16.5261084866 5.77327704198 0 67 1
P 0.716792939732 19.2166870089 0 46 5
P 24.1724929406 3.26731801709 0 46 5
P 3.46437778981 15.4396716945 0 5 5
P 19.6498637839 4.43389107732 0 5 5
P 22.0792266718 14.3779296346 0 25 1
P 11.8188712501 21.3547495377 0 25 1
