P 15 15 0 55 4
P 16.3470015862 6.04919198382 1 100 5
P 13.6529984138 23.9508080162 2 100 5
P 20.4093711168 20.3316829722 0 48 4
P 9.59062888316 9.66831702782 0 48 4
P 17.0026982073 27.3344861681 0 21 4
P 12.9973017927 2.66551383188 0 21 4
P 22.4174627842 19.9363071069 0 33 2
P 7.58253721579 10.0636928931 0 33 2
P 25.7881093049 23.0978290815 0 83 5
P 4.21189069508 6.90217091852 0 83 5
P 1.9289106776 14.7466234315 0 21 4
P 28.0710893224 15.2533765685 0 21 4
P 4.68739672514 22.3358014985 0 56 4
P 25.3126032749 7.66419850146 0 56 4
