P 15 15 0 57 0
P 19.4791737699 20.9618070536 1 100 5
P 18.0794094002 8.20858050539 2 100 5
P 7.28046037007 3.67138167866 0 61 2
P 9.92144119311 27.7333077248 0 61 2
P 18.5173518616 0.99215578333 0 14 1
P 21.471949842 27.9114417847 0 14 1
P 29.1238536522 16.1285031252 0 93 3
P 28.5428363543 10.8348655759 0 93 3
P 4.51430157596 15.1666280921 0 100 3
P 4.72778939355 17.1117115375 0 100 3
P 10.028147967 4.50387586203 0 6 5
P 12.4231454687 26.3246525457 0 6 5
P 11.7307674953 16.5543856409 0 25 3
P 11.4714472043 14.1917234022 0 25 3
