P 15 15 0 59 4
P 12.0431285659 25.9822229036 1 100 5
P 17.9568714341 4.01777709636 2 100 5
P 4.44367800383 12.1577988142 0 40 2
P 25.5563219962 17.8422011858 0 40 2
P 2.67971608235 11.6828668572 0 66 3
P 27.3202839176 18.3171331428 0 66 3
P 20.1506608548 21.623206384 0 2 3
P 9.84933914519 8.37679361602 0 2 3
P 19.005255197 12.7352874992 0 96 1
P 10.994744803 17.2647125008 0 96 1
P 20.98357224 5.72937865013 0 25 3
P 9.01642776004 24.2706213499 0 25 3
P 16.7772723985 28.2250163773 0 32 2
P 13.2227276015 1.77498362268 0 32 2
P 21.9744894619 3.85218623015 0 49 1
P 8.02551053806 26.1478137698 0 49 1
P 13.4340940978 5.10759226642 0 11 5
P 16.5659059022 24.8924077336 0 11 5
P 25.009498254 10.6144607119 0 76 1
P 4.99050174599 19.3855392881 0 76 1
P 13.3691405478 10.1204926061 0 30 2
P 16.6308594522 19.8795073939 0 30 2
