P 15 15 0 61 2
P 0.708373357713 16.1998026875 1 100 5
P 29.2916266423 13.8001973125 2 100 5
P 14.6852475482 11.2507797556 0 100 5
P 15.3147524518 18.7492202444 0 100 5
P 5.64880890439 20.9486887626 0 56 3
P 24.3511910956 9.05131123739 0 56 3
P 5.04453436301 12.4592947029 0 67 2
P 24.955465637 17.5407052971 0 67 2
P 23.9569603066 17.4492269886 0 99 5
P 6.04303969335 12.5507730114 0 99 5
P 10.1503055983 26.3576667443 0 1 2
P 19.8496944017 3.64233325571 0 1 2
P 27.1264774187 10.5224116388 0 96 1
P 2.87352258131 19.4775883612 0 96 1
P 23.2433442465 10.412484978 0 6 3
P 6.75665575345 19.587515022 0 6 3
P 10.5087298461 6.89910047504 0 77 2
P 19.4912701539 23.100899525 0 77 2
