P 15 15 0 38 4
P 27.3147039062 12.4886887289 1 100 5
P 2.7622391165 17.8628351606 2 100 5
P 11.9307211109 0.977612852111 0 35 5
P 12.71843708 12.9597188949 0 75 3
P 16.2206025908 12.1931502247 0 75 3
P 15.8514560809 10.2778653505 0 61 5
P 12.2537116377 11.0653547381 0 61 5
P 6.78123324083 12.0023018476 0 44 2
P 21.2149459227 8.84299030108 0 44 2
P 7.4437638219 25.7987333494 0 69 1
P 26.3765070256 21.6546551396 0 69 1
P 18.096439447 10.7291380165 0 34 2
P 10.4025296471 12.413213251 0 34 2
P 24.0301693229 8.98904528922 0 68 5
P 4.28444797155 13.3110715644 0 68 5
P 22.9782874702 12.6279720992 0 79 1
P 6.76032117092 16.1778285582 0 79 1
P 13.4631105411 2.96966869494 0 71 2
P 11.370641546 3.42767708146 0 71 2
P 18.4336108794 16.4502920908 0 41 1
P 12.4862222594 17.7520814469 0 41 1
