P 15 15 0 9 0
P 11.4274022752 23.3257290433 1 100 5
P 18.5725977248 6.67427095667 2 100 5
P 6.40016052261 11.3097805861 0 46 5
P 23.5998394774 18.6902194139 0 46 5
P 2.86535497586 9.79298389624 0 24 2
P 27.1346450241 20.2070161038 0 24 2
P 21.5122217751 6.60507874538 0 17 3
P 8.48777822488 23.3949212546 0 17 3
P 19.2446070444 2.98016913791 0 43 5
P 10.7553929556 27.0198308621 0 43 5
P 26.3682857801 14.8280179199 0 62 5
P 3.63171421988 15.1719820801 0 62 5
P 14.8016071832 9.00534562589 0 80 5
P 15.1983928168 20.9946543741 0 80 5
