P 15 15 0 86 1
P 14.2603806987 0.226672887041 1 100 5
P 0.348620994593 17.0335495906 2 100 5
P 3.64847472687 5.60386443832 0 92 3
P 9.53474432643 10.4761776984 0 16 2
P 15.4208289181 20.3081585103 0 58 5
P 20.2933155157 14.4216795007 0 58 5
P 17.3104954215 13.2711813879 0 1 3
P 13.7332998296 17.5928119031 0 1 3
P 6.78808322843 10.2230834386 0 35 5
P 8.77293962017 7.82516704559 0 35 5
P 22.6968921091 4.35766892131 0 63 3
P 5.98309611696 24.5497017384 0 63 3
P 7.80634900069 23.898189208 0 59 5
P 22.3974954751 6.27054144994 0 59 5
P 19.5491765115 16.192820668 0 81 2
P 17.0217535274 19.2462148736 0 81 2
