P 15 15 0 98 4
P 0.822065605256 18.6898629713 1 100 5
P 29.1779343947 11.3101370287 2 100 5
P 12.0055055274 3.4939504506 0 53 1
P 17.9944944726 26.5060495494 0 53 1
P 11.5652673001 1.80237849978 0 9 1
P 18.4347326999 28.1976215002 0 9 1
P 2.52482251244 21.1230861773 0 35 2
P 27.4751774876 8.87691382274 0 35 2
P 28.3554001614 17.015378441 0 69 5
P 1.64459983856 12.984621559 0 69 5
P 7.98059993899 23.5310614087 0 17 3
P 22.019400061 6.46893859134 0 17 3
P 6.41928139925 18.3164235986 0 60 1
P 23.5807186007 11.6835764014 0 60 1
P 4.7358178627 16.2125986083 0 61 3
P 25.2641821373 13.7874013917 0 61 3
P 10.6521456753 3.00755676963 0 60 2
P 19.3478543247 26.9924432304 0 60 2
P 23.5700004913 22.6538746965 0 56 4
P 6.42999950869 7.34612530347 0 56 4
P 24.7797214532 12.4313183934 0 59 1
P 5.2202785468 17.5686816066 0 59 1
P 14.4223360127 20.2925598103 0 54 1
P 15.5776639873 9.70744018975 0 54 1
P 25.413205391 4.57648423468 0 18 5
P 4.58679460901 25.4235157653 0 18 5
P 4.4447374966 5.50104207482 0 39 4
P 25.5552625034 24.4989579252 0 39 4
