P 15 15 0 69 3
P 16.8678412346 4.98461935508 1 100 5
P 19.8563224127 23.9561606151 2 100 5
P 1.50721318156 17.1254435206 0 40 1
P 3.71396022873 16.7778269551 0 17 2
P 8.15846060689 16.077709577 0 85 1
P 7.01539932467 16.2577696512 0 84 1
P 2.579533798 16.9565268293 0 44 1
P 29.0148637285 16.639150831 0 34 5
P 27.8322678805 9.13177012893 0 34 5
P 17.2130525467 18.7235145011 0 56 3
P 15.9611978889 10.7764635159 0 56 3
P 8.28149341753 1.83056697843 0 10 1
P 12.6553996547 29.5970937529 0 10 1
P 8.0853451882 21.8594265308 0 18 4
P 6.31146735211 10.5984566429 0 18 4
