P 15 15 0 17 3
P 17.442746351 5.12387194862 1 100 5
P 5.12976956093 12.5335316539 2 100 5
P 10.3091217166 2.60388115695 0 43 2
P 6.24371774928 5.05034560467 0 43 2
P 9.07989313104 9.08011933091 0 88 1
P 12.5416089191 6.99694022454 0 88 1
P 9.36763593862 22.3344253794 0 64 2
P 24.1180817713 13.4579541583 0 64 2
P 1.67234249755 14.8178594785 0 27 3
P 21.0801844554 3.1386768588 0 27 3
P 11.0301605083 16.835350116 0 68 1
P 18.4806853166 12.3517995988 0 68 1
P 4.50943759886 18.7582281186 0 26 2
P 23.2332445692 7.49068165894 0 26 2
P 8.55504171386 18.0615866405 0 36 4
P 20.7232182541 10.7390643183 0 36 4
P 28.9259147717 15.0030672945 0 47 3
P 8.481436408 27.3060733109 0 47 3
P 16.9710963596 23.0633509359 0 26 3
P 21.20157083 20.5175509436 0 26 3
P 26.1789650555 17.8476960668 0 55 4
P 12.2812396052 26.2110202264 0 55 4
P 12.2570775389 18.2608427916 0 7 2
P 19.1656750017 14.1034113992 0 7 2
P 5.79591643579 19.9290264673 0 54 5
P 23.6653000573 9.17565187425 0 54 5
P 16.1063589651 2.52914623955 0 23 2
P 3.46293401143 10.1376618742 0 23 2
