P 15 15 0 12 3
P 11.4826606183 3.37054768802 1 100 5
P 18.5173393817 26.629452312 2 100 5
P 4.90492339134 18.053265929 0 78 4
P 25.0950766087 11.946734071 0 78 4
P 6.51657110565 17.56582148 0 43 3
P 23.4834288944 12.43417852 0 43 3
P 14.2341195286 10.9249931982 0 85 5
P 15.7658804714 19.0750068018 0 85 5
P 23.7279201718 15.0259490998 0 40 2
P 6.27207982817 14.9740509002 0 40 2
P 25.6584685576 7.21352534897 0 5 3
P 4.34153144238 22.786474651 0 5 3
P 2.09477837222 12.4743074965 0 98 4
P 27.9052216278 17.5256925035 0 98 4
P 1.09118079884 11.2399960479 0 7 4
P 28.9088192012 18.7600039521 0 7 4
P 29.2224831496 16.7048826354 0 72 2
P 0.777516850399 13.2951173646 0 72 2
P 26.352236248 20.9832743318 0 3 1
P 3.64776375198 9.01672566819 0 3 1
P 16.7439610948 16.1301243398 0 96 4
P 13.2560389052 13.8698756602 0 96 4
P 7.66081839992 7.19449961131 0 99 1
P 22.3391816001 22.8055003887 0 99 1
