P 15 15 0 89 4
P 6.89681328583 27.1909014385 1 100 5
P 22.3899929914 27.6359691514 2 100 5
P 14.7194530998 24.7660724737 0 71 1
P 14.6356819624 27.682215901 0 43 4
P 14.9100528935 18.131134082 0 64 3
P 14.5700028803 29.9685597371 0 30 3
P 22.10494088 13.2629857487 0 32 2
P 8.00649080524 12.8579839964 0 32 2
P 17.8329827931 2.85619587558 0 95 3
P 12.8688162516 2.71359182069 0 95 3
P 23.3501965074 21.6354552337 0 64 2
P 6.28265872716 21.1451614303 0 64 2
P 20.9164117882 26.1750604578 0 76 5
P 8.45182935383 25.8169943085 0 76 5
P 26.2978488566 9.26861891102 0 63 3
P 4.04979790874 8.62950613105 0 63 3
