P 15 15 0 38 2
P 20.1515598263 28.5929314837 1 100 5
P 9.84844017372 1.40706851631 2 100 5
P 8.82856972307 17.3388988846 0 57 4
P 21.1714302769 12.6611011154 0 57 4
P 1.05889579119 20.2835131599 0 59 2
P 28.9411042088 9.71648684008 0 59 2
P 11.6652071269 10.7435803925 0 84 2
P 18.3347928731 19.2564196075 0 84 2
P 26.0671979562 20.5712261698 0 88 2
P 3.93280204378 9.4287738302 0 88 2
P 23.4294876683 4.31776178217 0 45 5
P 6.57051233167 25.6822382178 0 45 5
P 10.6619977324 27.5037497758 0 75 4
P 19.3380022676 2.49625022418 0 75 4
P 22.0840805975 3.64755007701 0 87 4
P 7.91591940253 26.352449923 0 87 4
P 9.75862661969 12.127586335 0 58 4
P 20.2413733803 17.872413665 0 58 4
P 20.6830264618 23.3238737813 0 95 1
P 9.31697353817 6.67612621868 0 95 1
P 29.3421804593 15.7455111599 0 69 1
P 0.657819540672 14.2544888401 0 69 1
