P 15 15 0 58 3
P 25.7550184177 22.2074325566 1 100 5
P 14.1445639158 27.9184261553 2 100 5
P 16.4156680156 17.878054195 0 67 2
P 3.81054201034 16.8546986845 0 8 5
P 23.2988595798 7.26871246249 0 8 5
P 22.692512825 24.1486467264 0 52 4
P 17.5514951733 26.6774296345 0 52 4
P 2.60379668201 19.6612870178 0 24 1
P 26.2585642488 8.02589185491 0 24 1
P 10.997294312 26.8040832529 0 80 1
P 26.7933332712 19.034268784 0 80 1
P 28.1530503108 17.2598471974 0 11 3
P 8.76181531262 26.7980800828 0 11 3
P 19.4749706357 12.8475514125 0 92 5
P 10.563618562 17.2309004571 0 92 5
P 18.3902360816 13.7142554063 0 36 3
P 11.9122390244 16.9006767234 0 36 3
P 2.39642084098 10.4076670788 0 33 2
P 19.0552053136 2.21348213384 0 33 2
