P 15 15 0 80 5
P 20.2555451909 26.4527424222 1 100 5
P 27.1461479451 11.6448316975 2 100 5
P 5.69201558956 10.668691944 0 100 1
P 22.4285900237 25.2654043997 0 4 4
P 27.6372905679 14.0719028437 0 4 4
P 2.2594787596 18.2588231374 0 3 3
P 9.28796452204 3.1546017198 0 3 3
P 25.7145670513 9.75857078167 0 9 5
P 17.8905716612 26.5723430134 0 9 5
P 17.8027144657 14.2585371331 0 99 3
P 16.2377593813 17.6216268371 0 99 3
P 11.9478654554 0.66541072158 0 56 1
P 2.06822875181 21.8967577486 0 56 1
P 21.8794771948 19.0058781624 0 87 1
P 22.4950326302 17.683049049 0 87 1
