P 15 15 0 41 0
P 21.0990243427 17.6527270052 1 100 5
P 8.90097565729 12.3472729948 2 100 5
P 19.7889247217 2.16656994084 0 4 2
P 10.2110752783 27.8334300592 0 4 2
P 12.7062304302 4.0699321798 0 17 5
P 17.2937695698 25.9300678202 0 17 5
P 13.7713225925 6.01249027291 0 58 5
P 16.2286774075 23.9875097271 0 58 5
P 5.23978584968 24.8392629532 0 9 5
P 24.7602141503 5.16073704685 0 9 5
P 0.76754220945 12.1565627641 0 71 4
P 29.2324577906 17.8434372359 0 71 4
P 0.96574782414 19.3212293913 0 36 1
P 29.0342521759 10.6787706087 0 36 1
