P 15 15 0 57 5
P 5.88413419685 3.66763766255 1 100 5
P 1.15739859821 19.4613710807 2 100 5
P 23.4014970533 17.5143931553 0 27 4
P 25.0803633767 18.0168428932 0 63 2
P 27.0355237803 18.6019816971 0 5 2
P 22.425866147 17.222407137 0 91 5
P 28.5871167323 19.0663411646 0 79 4
P 11.496048716 9.05466287412 0 32 1
P 8.80604023583 18.0429542522 0 32 1
P 18.7173847006 23.8535530351 0 48 3
P 22.9699420857 9.64422055088 0 48 3
P 15.2347560299 7.99810032824 0 66 4
P 11.3496394006 20.9796803344 0 66 4
P 8.49075005441 7.38295234553 0 39 1
P 5.3764826446 17.7888462731 0 39 1
