P 15 15 0 93 2
P 10.8917155091 29.069346153 1 100 5
P 19.1082844909 0.930653847019 2 100 5
P 3.60924588525 11.6738711266 0 24 2
P 26.3907541148 18.3261288734 0 24 2
P 3.75436335922 10.4052616794 0 51 4
P 26.2456366408 19.5947383206 0 51 4
P 22.3428037971 17.1820058286 0 14 4
P 7.65719620293 12.8179941714 0 14 4
P 16.0386128786 1.94120123589 0 92 4
P 13.9613871214 28.0587987641 0 92 4
P 5.98854844249 18.2994222471 0 6 4
P 24.0114515575 11.7005777529 0 6 4
P 27.93654038 8.63980598648 0 87 5
P 2.06345961995 21.3601940135 0 87 5
P 5.21463610343 23.5344454235 0 56 4
P 24.7853638966 6.46555457646 0 56 4
P 21.0018973178 2.86998818494 0 70 1
P 8.99810268215 27.1300118151 0 70 1
P 11.7607727501 11.666713572 0 32 5
P 18.2392272499 18.333286428 0 32 5
P 24.9808917133 24.5149993628 0 49 4
P 5.01910828667 5.48500063723 0 49 4
P 4.60275886903 19.2810144641 0 67 2
P 25.397241131 10.7189855359 0 67 2
P 20.5159363858 25.1110002031 0 54 3
P 9.48406361422 4.88899979691 0 54 3
P 15.1431654112 23.5455295121 0 41 4
P 14.8568345888 6.4544704879 0 41 4
