P 15 15 0 11 2
P 4.68845020961 22.57633045 1 100 5
P 8.70159975399 3.86182256793 2 100 5
P 2.8589723901 12.3964712442 0 65 1
P 0.841155851457 11.9637695363 0 70 3
P 5.11937728951 12.881193736 0 98 4
P 7.360993292 13.3618871261 0 55 2
P 11.126015829 14.1692606662 0 44 1
P 23.1338831936 24.8014605276 0 80 4
P 26.4375567136 9.39544999987 0 80 4
P 2.48840929704 17.3326250504 0 10 2
P 4.54494374206 7.7423943213 0 10 2
P 17.450173385 2.69254716719 0 54 4
P 12.1883611385 27.2299399737 0 54 4
P 8.43905449316 18.638482176 0 35 5
P 10.507806668 8.99127654514 0 35 5
P 11.8472207271 15.4395593313 0 86 2
P 12.3046635843 13.3063674673 0 86 2
P 10.0950414329 12.2350939967 0 83 5
P 9.39263218991 15.5106368514 0 83 5
P 28.2984856514 15.7689625188 0 93 3
P 27.4444945546 19.7513765644 0 93 3
P 22.041370478 18.8744491452 0 63 1
P 23.0108747747 14.3533627513 0 63 1
P 12.8404374114 16.4021355649 0 85 4
P 13.6052319029 12.8356717735 0 85 4
P 21.2876088567 5.05953419518 0 42 5
P 16.6589119537 26.6445221749 0 42 5
P 17.8948326087 26.0707077325 0 69 5
P 22.1795807183 6.08965509985 0 69 5
