P 15 15 0 53 5
P 5.19381737942 20.5680361506 1 100 5
P 22.840443608 6.89495908754 2 100 5
P 15.7062415142 24.5570017104 0 7 2
P 24.077849866 18.0704560868 0 7 2
P 23.5410088833 9.39929735518 0 91 1
P 7.44386608351 21.8717932955 0 91 1
P 5.83642566756 25.7056194087 0 82 1
P 27.654783082 8.80017366219 0 82 1
P 11.1110436078 7.67018698211 0 62 3
P 8.87356901733 9.40384202223 0 62 3
P 3.59393574562 7.45603638774 0 39 3
P 10.5433875647 2.07141560884 0 39 3
P 27.3535237386 18.165138996 0 33 1
P 14.9799180627 27.7525389763 0 33 1
P 18.3178654174 17.8815811136 0 43 5
P 16.961743187 18.9323408182 0 43 5
P 13.3293115134 17.0292742758 0 61 5
P 17.3821891764 13.8889964745 0 61 5
P 4.6557706907 19.5219354789 0 47 2
P 21.9618477323 6.11272501657 0 47 2
P 13.8985325214 6.8987041525 0 70 3
P 7.4304323134 11.9103608539 0 70 3
P 10.006218286 19.8959914032 0 21 3
P 20.9879302532 11.3870678238 0 21 3
P 11.0589206312 3.07168445058 0 50 2
P 4.43377398866 8.20502492164 0 50 2
