P 15 15 0 2 4
P 23.2212997553 22.4407875279 1 100 5
P 6.77870024466 7.5592124721 2 100 5
P 6.87084161203 23.9818782777 0 14 5
P 23.129158388 6.01812172226 0 14 5
P 6.02060334292 24.9213035264 0 48 4
P 23.9793966571 5.07869647358 0 48 4
P 10.6213511277 3.97635964614 0 22 1
P 19.3786488723 26.0236403539 0 22 1
P 21.1913164533 7.91368228251 0 79 4
P 8.80868354669 22.0863177175 0 79 4
P 19.9832175439 9.38436261632 0 69 3
P 10.0167824561 20.6156373837 0 69 3
P 12.4267169126 13.7509358908 0 61 3
P 17.5732830874 16.2490641092 0 61 3
P 3.25197777677 11.0773118179 0 46 2
P 26.7480222232 18.9226881821 0 46 2
