P 15 15 0 82 2
P 19.2833778598 4.33805724949 1 100 5
P 8.08390004923 24.1756149972 2 100 5
P 24.7164055653 20.4854871709 0 51 2
P 16.1096648065 26.6813223342 0 74 3
P 25.5750323349 9.91538216049 0 74 3
P 9.67341744999 13.3744461799 0 25 1
P 10.85638425 11.2790652517 0 25 1
P 12.6956411147 26.3418473412 0 83 1
P 23.520635516 7.16760947178 0 83 1
P 14.801428746 17.6601648693 0 45 3
P 17.1750976603 13.4557015045 0 45 3
P 24.7984456673 24.5784346219 0 43 2
P 28.2632458774 18.4412579236 0 43 2
P 18.5904172196 19.1108826362 0 95 1
P 20.3746730949 15.9504425191 0 95 1
