P 15 15 0 27 2
P 20.6882173545 22.0250327437 1 100 5
P 23.1020914905 10.9921308402 2 100 5
P 8.16753724572 13.5051344359 0 41 2
P 2.84991035689 12.3416978239 0 35 5
P 6.69469268014 13.1828927053 0 50 1
P 4.36521698588 12.6732297737 0 59 5
P 19.526665834 28.9492341779 0 44 5
P 24.9381273234 4.21549894397 0 44 5
P 15.376420284 2.49546789219 0 57 3
P 10.1202858079 26.5192623405 0 57 3
P 15.6809710307 12.6249252357 0 98 4
P 14.6269522247 17.4424448895 0 98 4
P 22.9671433889 21.1171987568 0 44 1
P 24.7937061236 12.7686742117 0 44 1
P 23.918100359 24.370780767 0 50 1
P 27.0164373141 10.2094592712 0 50 1
