P 15 15 0 62 4
P 21.1637603132 16.4338633699 1 100 5
P 9.95531617594 11.1791270007 2 100 5
P 21.1680014565 1.84354553548 0 53 4
P 16.1587242008 12.5284211114 0 30 3
P 9.49067284112 20.838825296 0 5 1
P 14.0356660941 22.9696064331 0 5 1
P 20.2350368107 19.4599862314 0 16 2
P 8.22320680986 13.8286069612 0 16 2
P 14.2963282083 24.1111848729 0 83 2
P 8.44642970951 21.3686388049 0 83 2
P 25.4406974202 21.0342133594 0 79 2
P 3.68345091055 10.8339934959 0 79 2
P 20.4965707535 28.6816578442 0 39 5
P 0.967337709767 19.5259739794 0 39 5
P 12.553252074 10.278106145 0 30 1
P 20.1946611277 13.8605471666 0 30 1
P 21.3327569261 21.9484740721 0 24 3
P 5.60820836355 14.5765002095 0 24 3
P 28.5943290252 13.9147878333 0 24 3
P 7.13892651793 3.85607830237 0 24 3
P 20.1533300263 8.45179486158 0 79 2
P 16.7373298782 6.85030762611 0 79 2
P 4.85350985273 20.9009350261 0 61 1
P 16.9539650853 26.5738635268 0 61 1
P 23.3049304026 13.284283527 0 98 1
P 11.0068151469 7.5186881674 0 98 1
P 21.6822877606 27.7023876965 0 67 3
P 0.961677266482 17.9881629368 0 67 3
