P 15 15 0 95 5
P 27.9350168651 21.3664260663 1 100 5
P 2.0649831349 8.63357393371 2 100 5
P 11.9645192115 21.167352732 0 96 1
P 18.0354807885 8.83264726801 0 96 1
P 10.9548458974 23.2187613575 0 68 3
P 19.0451541026 6.78123864254 0 68 3
P 23.5554303298 25.5717243272 0 90 5
P 6.44456967019 4.42827567278 0 90 5
P 23.3122526838 7.9647581586 0 86 4
P 6.68774731624 22.0352418414 0 86 4
P 15.8513032107 5.05100177247 0 1 4
P 14.1486967893 24.9489982275 0 1 4
P 17.4000762 28.4698645247 0 12 1
P 12.5999238 1.53013547529 0 12 1
P 26.2943336963 8.42583932168 0 79 2
P 3.70566630373 21.5741606783 0 79 2
P 13.1486333583 6.07281199077 0 18 3
P 16.8513666417 23.9271880092 0 18 3
P 9.30497106769 2.54400636405 0 79 5
P 20.6950289323 27.455993636 0 79 5
P 20.033373986 0.992474404893 0 79 3
P 9.96662601395 29.0075255951 0 79 3
