P 15 15 0 2 3
P 6.12098488994 9.80236374813 1 100 5
P 23.8790151101 20.1976362519 2 100 5
P 7.54899295864 27.728402085 0 57 2
P 22.4510070414 2.27159791498 0 57 2
P 8.13553988156 26.72641604 0 25 2
P 21.8644601184 3.27358395999 0 25 2
P 9.22578420097 12.176575687 0 39 3
P 20.774215799 17.823424313 0 39 3
P 10.2946728867 11.9928626562 0 67 4
P 19.7053271133 18.0071373438 0 67 4
P 13.8609321483 4.07007322533 0 26 5
P 16.1390678517 25.9299267747 0 26 5
P 16.3159052673 19.9710708733 0 43 5
P 13.6840947327 10.0289291267 0 43 5
P 2.69898137866 19.8710464333 0 87 1
P 27.3010186213 10.1289535667 0 87 1
P 19.3718415786 11.9514450281 0 63 3
P 10.6281584214 18.0485549719 0 63 3
P 18.4137359493 28.3631352796 0 63 3
P 11.5862640507 1.6368647204 0 63 3
