P 15 15 0 14 1
P 24.7915461178 20.6595826333 1 100 5
P 16.3843171769 26.2244784695 2 100 5
P 5.56158030497 23.3759313634 0 19 4
P 26.397725831 9.58411240651 0 19 4
P 8.49561303367 7.88377548511 0 22 3
P 10.9905521938 6.23233044397 0 22 3
P 16.3360447608 0.525903647309 0 25 1
P 1.1542903824 10.5749795464 0 25 1
P 23.5980711673 25.3915358352 0 86 2
P 21.2064646833 26.9745831221 0 86 2
P 1.84661294539 20.0366541069 0 13 3
P 24.7752454255 4.85978045244 0 13 3
P 22.9311339957 15.3523311954 0 82 4
P 12.2257168006 22.4384391144 0 82 4
P 17.2986603675 27.0051510894 0 43 2
P 25.1529483743 21.8062567886 0 43 2
P 16.4343523597 20.3146135132 0 77 3
P 19.3318344721 18.3967180619 0 77 3
P 23.6422816398 8.37675125509 0 11 3
P 5.52670078094 20.3677795953 0 11 3
