P 15 15 0 87 3
P 8.83327533831 24.0609548383 1 100 5
P 24.5724125651 20.3383811515 2 100 5
P 22.6915559793 11.2754415208 0 65 2
P 6.45488531407 15.1156903292 0 65 2
P 12.652916537 12.507502237 0 43 4
P 15.9818269862 11.7201582889 0 43 4
P 13.445456577 29.8246869804 0 73 5
P 23.030911529 27.5575638296 0 73 5
P 21.8274583362 22.2675719943 0 8 1
P 12.1516197469 24.5560724128 0 8 1
P 21.6554072817 19.3074941278 0 21 2
P 10.9794028392 21.832550784 0 21 2
P 21.8763065626 14.1888834109 0 66 3
P 8.48890301684 17.3552320777 0 66 3
P 3.78659294416 12.4557285975 0 11 4
P 23.8855391184 7.70198593148 0 11 4
P 9.10340992338 20.6403317613 0 69 3
P 22.7985487659 17.401198462 0 69 3
P 6.02673727296 5.04561543139 0 53 1
P 18.5632063693 2.08052723685 0 53 1
P 15.7175230216 24.7046791232 0 61 4
P 18.7059470438 23.997866007 0 61 4
P 15.1012641623 19.0380040051 0 59 4
P 16.718386791 18.6555269951 0 59 4
P 15.6664760558 29.9798151556 0 24 3
P 21.1147103066 28.6912150774 0 24 3
P 23.9138144909 23.3552485991 0 68 4
P 10.7735714424 26.4631396039 0 68 4
