P 15 15 0 62 4
P 17.5082359328 25.7779091827 1 100 5
P 8.61924525527 24.0410476568 2 100 5
P 14.1716548011 19.2393435752 0 55 1
P 12.5761245918 27.4050222692 0 79 5
P 25.59531693 13.0606079012 0 38 2
P 5.91399182012 9.21498159767 0 38 2
P 23.0355458128 16.2227154033 0 72 4
P 7.09521713242 13.1080599155 0 72 4
P 15.7856287881 3.82577321166 0 18 5
P 18.4783351801 4.35191372663 0 18 5
P 23.8494093983 12.5005603987 0 27 1
P 7.74229969626 9.3533167859 0 27 1
P 7.79542948201 18.4485288617 0 98 2
P 20.3765851222 20.9068197943 0 98 2
P 15.9527090848 27.5187166801 0 53 4
P 9.40509156198 26.2393470222 0 53 4
