P 15 15 0 53 2
P 7.71275373251 17.6254296692 1 100 5
P 16.5235050117 7.40554336438 2 100 5
P 24.3856686826 23.0915569787 0 44 5
P 25.9491190342 24.4394361796 0 1 5
P 26.3930324232 6.69939364488 0 34 2
P 8.46792544447 27.4913272177 0 34 2
P 4.8853486879 17.8948025182 0 21 2
P 16.3735095243 4.56929895112 0 21 2
P 1.53338938334 11.3899584908 0 15 4
P 9.44591651549 2.21195253975 0 15 4
P 12.06132219 10.5852579463 0 67 3
P 10.200584542 12.7435900343 0 67 3
P 18.2526382089 22.4945137092 0 8 1
P 22.891841264 17.1133462848 0 8 1
P 15.190533885 5.15256548115 0 96 3
P 5.28802127116 16.6388224232 0 96 3
P 18.6134401945 27.9120087309 0 43 2
P 28.3033949064 16.6723048378 0 43 2
P 7.8711626185 4.95900227199 0 43 4
P 4.01854503286 9.42778279403 0 43 4
P 7.48930136303 7.66337442421 0 86 1
P 6.63718215589 8.65177610973 0 86 1
P 8.33634063935 23.3838290324 0 30 3
P 22.3109491237 7.17421133491 0 30 3
P 2.30871837356 22.1543161533 0 64 5
P 20.2070745344 1.39341175254 0 64 5
P 15.2306506339 6.39571901986 0 60 1
P 6.52352588149 16.4954054361 0 60 1
