P 15 15 0 33 4
P 22.4994804395 11.7198014715 1 100 5
P 16.0945294841 6.88803880321 2 100 5
P 7.20682555491 25.3305777902 0 24 5
P 11.664250607 19.4218461727 0 32 2
P 18.6966894094 1.87147369669 0 12 4
P 26.6085450163 7.84001409988 0 12 4
P 15.7349523436 4.19291785629 0 85 5
P 25.1897263984 11.3254040583 0 85 5
P 19.9064117855 15.1805662438 0 95 3
P 13.478949938 10.3318218237 0 95 3
P 10.0688763859 17.5868200063 0 14 4
P 13.8668529075 20.4519350243 0 14 4
P 17.7410681452 24.7339030169 0 45 5
P 4.88758603781 15.0375016805 0 45 5
P 23.5464154572 26.6040636192 0 91 1
P 1.49503371588 9.96895683673 0 91 1
P 17.7633960445 5.64214704621 0 46 5
P 23.239155682 9.77294698223 0 46 5
P 3.48258237806 17.1416745304 0 74 5
P 16.1036481491 26.6627457846 0 74 5
P 2.5519447326 14.5770314335 0 19 1
P 18.8252608147 26.8532848632 0 19 1
P 23.7678932773 11.8871842351 0 71 1
P 15.5852437224 5.71436247242 0 71 1
P 28.0247864992 20.7724420198 0 29 1
P 5.87256122972 4.06126096314 0 29 1
P 12.7820450911 11.0825010376 0 9 2
P 19.3759831873 16.0568317002 0 9 2
