P 15 15 0 51 0
P 13.4755739572 26.356760472 1 100 5
P 25.2019453957 9.7827024888 2 100 5
P 5.75540673803 8.45932453609 0 97 5
P 2.88169098314 6.42613155553 0 99 3
P 17.2922609806 28.5878853524 0 87 4
P 28.5761504522 12.6392315546 0 87 4
P 14.9750031339 7.83839763235 0 13 5
P 8.23836339125 17.3599668826 0 13 5
P 14.382389748 8.90239078637 0 31 3
P 9.04446319215 16.4470182707 0 31 3
P 8.98567908534 18.905328622 0 76 4
P 16.680986389 8.02877826558 0 76 4
P 18.285927614 27.2377722035 0 23 3
P 27.6337217851 14.0255962616 0 23 3
P 16.078234149 22.8918369633 0 98 4
P 22.8007808105 13.3901868795 0 98 4
P 24.2476958472 3.34202796007 0 71 1
P 7.08448914199 27.6005110381 0 71 1
P 12.2485559772 13.8112754966 0 36 1
P 12.9633040213 12.8010503313 0 36 1
P 21.1272457862 4.36643069558 0 56 5
P 7.01193598337 24.3170150983 0 56 5
