P 15 15 0 59 2
P 13.3874926963 9.8163211539 1 100 5
P 16.6125073037 20.1836788461 2 100 5
P 6.12173603908 17.7617963818 0 17 1
P 23.8782639609 12.2382036182 0 17 1
P 1.3153559138 19.2569358931 0 40 5
P 28.6846440862 10.7430641069 0 40 5
P 11.0369468649 6.16458815454 0 27 1
P 18.9630531351 23.8354118455 0 27 1
P 1.24620113548 16.3997307673 0 54 4
P 28.7537988645 13.6002692327 0 54 4
P 19.4420673594 17.0318236831 0 48 1
P 10.5579326406 12.9681763169 0 48 1
P 17.8109627853 13.1668898468 0 22 1
P 12.1890372147 16.8331101532 0 22 1
P 3.29171194455 21.8980290781 0 67 1
P 26.7082880555 8.1019709219 0 67 1
P 11.6277211654 23.8534585499 0 60 4
P 18.3722788346 6.1465414501 0 60 4
