P 15 15 0 27 2
P 0.448062760283 17.060464401 1 100 5
P 10.5023100734 1.00803172171 2 100 5
P 25.4768209182 9.38038065143 0 17 2
P 14.5167785334 26.8789896535 0 17 2
P 10.9235045007 10.1927836971 0 47 1
P 8.89558408533 13.4305254129 0 47 1
P 5.49630377623 19.193190001 0 61 2
P 14.6245806456 4.61914528537 0 61 2
P 7.73376256712 18.0864078213 0 29 3
P 14.605379469 7.11530632767 0 29 3
P 20.8276495319 12.4387049722 0 26 3
P 15.239169087 21.3611735894 0 26 3
P 19.0375087464 23.0345486105 0 31 3
P 23.9910863659 15.1257545672 0 31 3
P 5.37122389809 22.4494345236 0 20 4
P 17.499686608 3.08534638343 0 20 4
P 13.1348599925 25.7408336725 0 63 4
P 23.8496322142 8.63381865634 0 63 4
P 21.2326393167 28.3569045299 0 87 4
P 29.7378176402 14.7776878853 0 87 4
P 10.925429309 26.6418704381 0 1 5
P 23.695954165 6.25267727966 0 1 5
