P 15 15 0 27 3
P 10.9997450583 28.1488793598 1 100 5
P 2.8141254175 21.3560623563 2 100 5
P 18.2332146601 11.1038453692 0 33 5
P 20.3123696723 8.59837936071 0 59 1
P 18.9346849372 10.2585452714 0 37 5
P 22.7599058007 15.9427367162 0 11 2
P 12.6426542608 7.54695957221 0 11 2
P 20.1117061744 20.0023462853 0 100 5
P 9.14092196289 10.8982670825 0 100 5
P 25.6874399721 14.1498559171 0 49 2
P 13.8650170906 4.33904638814 0 49 2
P 10.8121728179 3.75806827946 0 36 5
P 26.8213409606 17.0432384125 0 36 5
P 6.7710956392 8.56601347512 0 57 1
P 22.840922147 21.9015208082 0 57 1
P 24.0512744932 18.6472841021 0 51 1
P 9.74637361063 6.77639610427 0 51 1
P 6.89941191986 7.37833253854 0 58 5
P 23.9845813409 21.556419775 0 58 5
P 10.7840038604 21.9113753061 0 60 4
P 8.98446593282 20.418033034 0 60 4
P 20.1614772018 1.44128125826 0 88 5
P 27.3745809938 7.42705829612 0 88 5
