P 15 15 0 46 5
P 24.3468016907 16.3718125991 1 100 5
P 5.65319830928 13.6281874009 2 100 5
P 22.3107801522 3.39856989935 0 92 4
P 7.68921984778 26.6014301007 0 92 4
P 17.3712484541 8.36725038965 0 7 3
P 12.6287515459 21.6327496103 0 7 3
P 21.2011476535 22.2429672081 0 30 4
P 8.7988523465 7.75703279192 0 30 4
P 17.8252452709 26.3784504535 0 38 2
P 12.1747547291 3.62154954649 0 38 2
P 17.7963237448 24.8474800582 0 74 3
P 12.2036762552 5.15251994178 0 74 3
P 17.8322192875 27.7123600656 0 3 3
P 12.1677807125 2.28763993444 0 3 3
P 26.5701766272 21.000650103 0 67 1
P 3.42982337279 8.99934989696 0 67 1
P 6.24514418743 5.45001726621 0 3 2
P 23.7548558126 24.5499827338 0 3 2
P 15.767043857 8.75795481685 0 40 3
P 14.232956143 21.2420451832 0 40 3
P 14.3616850088 26.2106409303 0 17 3
P 15.6383149912 3.78935906973 0 17 3
P 18.683819879 5.94997428061 0 12 3
P 11.316180121 24.0500257194 0 12 3
P 16.8958682957 12.9075275945 0 23 3
P 13.1041317043 17.0924724055 0 23 3
P 26.0878439295 23.767895549 0 22 1
P 3.9121560705 6.23210445102 0 22 1
