P 15 15 0 42 2
P 23.4157325633 21.9042180226 1 100 5
P 6.58426743668 8.09578197744 2 100 5
P 7.77206966382 23.8103139989 0 22 4
P 22.2279303362 6.1896860011 0 22 4
P 7.63010975526 26.2785751735 0 57 4
P 22.3698902447 3.72142482653 0 57 4
P 13.8727467934 26.2233619415 0 49 2
P 16.1272532066 3.77663805846 0 49 2
P 23.2523227298 8.02815983104 0 23 1
P 6.74767727018 21.971840169 0 23 1
P 11.6219374111 11.5061406739 0 42 1
P 18.3780625889 18.4938593261 0 42 1
P 4.56001198832 13.0253064446 0 26 5
P 25.4399880117 16.9746935554 0 26 5
P 3.03486643559 18.2478832496 0 32 2
P 26.9651335644 11.7521167504 0 32 2
P 7.70786657243 19.9196149334 0 2 2
P 22.2921334276 10.0803850666 0 2 2
P 18.2286703245 21.834344794 0 56 1
P 11.7713296755 8.16565520604 0 56 1
P 21.1567413687 18.5489118067 0 7 5
P 8.8432586313 11.4510881933 0 7 5
P 17.4413530766 13.1064714824 0 41 4
P 12.5586469234 16.8935285176 0 41 4
P 17.2474870702 17.7254316104 0 4 5
P 12.7525129298 12.2745683896 0 4 5
P 15.8423803297 21.6359025842 0 33 3
P 14.1576196703 8.36409741575 0 33 3
