P 15 15 0 73 4
P 10.5779758477 25.9779985804 1 100 5
P 19.4220241523 4.02200141956 2 100 5
P 2.30538461367 9.88650909987 0 37 5
P 27.6946153863 20.1134909001 0 37 5
P 10.0070474438 16.5940527181 0 35 4
P 19.9929525562 13.4059472819 0 35 4
P 11.7685010993 27.1969377549 0 82 4
P 18.2314989007 2.80306224507 0 82 4
P 23.8125667393 22.6652952344 0 55 3
P 6.18743326072 7.33470476563 0 55 3
P 18.1085096408 27.0580093772 0 89 5
P 11.8914903592 2.94199062279 0 89 5
P 22.2993593501 20.1620418397 0 69 4
P 7.70064064991 9.83795816032 0 69 4
P 4.32885444051 20.4344675774 0 58 1
P 25.6711455595 9.56553242261 0 58 1
P 14.2203646232 29.4147961753 0 9 3
P 15.7796353768 0.585203824725 0 9 3
