P 15 15 0 47 4
P 15.768768041 22.2836170766 1 100 5
P 14.231231959 7.71638292342 2 100 5
P 6.89276459722 15.8556989491 0 15 1
P 23.1072354028 14.1443010509 0 15 1
P 11.7593888658 11.1363606841 0 24 4
P 18.2406111342 18.8636393159 0 24 4
P 7.16074346695 21.334815128 0 11 4
P 22.8392565331 8.66518487203 0 11 4
P 4.94668576357 12.4099880327 0 63 2
P 25.0533142364 17.5900119673 0 63 2
P 5.38821467336 15.1218990473 0 71 3
P 24.6117853266 14.8781009527 0 71 3
P 21.6641068618 7.94122793804 0 5 2
P 8.33589313823 22.058772062 0 5 2
P 23.3904203094 23.0636970555 0 83 5
P 6.60957969061 6.9363029445 0 83 5
P 3.85661540597 7.93218494403 0 85 2
P 26.143384594 22.067815056 0 85 2
P 15.2339279226 11.4377882713 0 5 4
P 14.7660720774 18.5622117287 0 5 4
