P 15 15 0 93 1
P 16.5694530588 8.01858482451 1 100 5
P 13.4305469412 21.9814151755 2 100 5
P 8.44105846 13.525520886 0 41 1
P 21.55894154 16.474479114 0 41 1
P 1.81126990448 12.0351150491 0 1 3
P 28.1887300955 17.9648849509 0 1 3
P 15.2855532768 27.3835751025 0 17 4
P 14.7144467232 2.61642489749 0 17 4
P 19.1304109499 26.9782912899 0 43 2
P 10.8695890501 3.02170871014 0 43 2
P 15.0280616618 19.7340006801 0 84 5
P 14.9719383382 10.2659993199 0 84 5
P 27.680004528 12.1748590592 0 46 5
P 2.31999547199 17.8251409408 0 46 5
P 23.7466132093 10.1869423501 0 81 3
P 6.25338679072 19.8130576499 0 81 3
