P 15 15 0 28 5
P 8.9729312726 27.2294544727 1 100 5
P 28.5929595933 16.0566757498 2 100 5
P 19.2360770623 22.4387897579 0 49 5
P 16.6796810136 17.9496144043 0 64 4
P 21.6385440617 26.6576570367 0 52 2
P 11.436277435 1.49833276079 0 86 1
P 5.20662716121 5.04585587812 0 86 1
P 27.9715202268 19.8408822852 0 34 5
P 12.5445337882 28.6259004831 0 34 5
P 15.1828738215 9.73090705193 0 76 3
P 10.3751372143 12.4687103004 0 76 3
P 5.1230303309 19.5210743437 0 75 3
P 23.9279809281 8.81244801127 0 75 3
P 13.2708173146 4.25136825827 0 14 5
P 6.63822836256 8.02834796032 0 14 5
P 3.19944933497 15.6759873759 0 25 4
P 21.6026217077 5.19615679871 0 25 4
P 15.6638657915 12.0064456866 0 1 4
P 12.086729895 14.0434737265 0 1 4
P 12.0384311766 6.03353432786 0 70 5
P 8.79976313767 7.87781919657 0 70 5
P 5.80389398798 14.7466022097 0 28 2
P 19.4744039902 6.9618232691 0 28 2
P 1.96088430238 11.2109265149 0 54 4
P 18.3945386806 1.85265337806 0 54 4
P 4.87718057289 23.1459160238 0 44 2
P 27.1708803169 10.450594178 0 44 2
P 8.44263163098 16.5127486345 0 10 5
P 19.6469124377 10.1323832162 0 10 5
