P 15 15 0 3 5
P 10.2782040208 4.11563970232 1 100 5
P 19.7217959792 25.8843602977 2 100 5
P 27.0833134361 17.7623368757 0 80 5
P 2.91668656388 12.2376631243 0 80 5
P 20.6754333245 23.9306622695 0 100 1
P 9.32456667553 6.06933773054 0 100 1
P 24.2552643059 8.2751090452 0 97 3
P 5.74473569412 21.7248909548 0 97 3
P 0.905036506866 11.5301448393 0 7 4
P 29.0949634931 18.4698551607 0 7 4
P 22.3998835793 21.841613091 0 11 3
P 7.60011642073 8.158386909 0 11 3
P 21.6995314919 9.50576283368 0 37 5
P 8.30046850813 20.4942371663 0 37 5
P 25.4001770494 12.3442170695 0 26 5
P 4.59982295059 17.6557829305 0 26 5
P 19.0842057663 5.6092014075 0 87 3
P 10.9157942337 24.3907985925 0 87 3
P 18.6208086439 1.94815429061 0 42 1
P 11.3791913561 28.0518457094 0 42 1
P 20.9543830026 4.54066781762 0 23 3
P 9.04561699742 25.4593321824 0 23 3
P 10.0323613727 10.7489946678 0 83 4
P 19.9676386273 19.2510053322 0 83 4
P 13.8562590917 3.72846329801 0 6 4
P 16.1437409083 26.271536702 0 6 4
P 24.4053325189 21.0060828454 0 51 5
P 5.59466748108 8.99391715457 0 51 5
