P 15 15 0 66 2
P 23.277728978 19.5781840394 1 100 5
P 6.72227102199 10.4218159606 2 100 5
P 9.15918383398 25.5606705228 0 21 4
P 20.840816166 4.43932947717 0 21 4
P 13.6191147613 17.4967527861 0 16 2
P 16.3808852387 12.5032472139 0 16 2
P 19.4283964717 19.6885764076 0 57 1
P 10.5716035283 10.3114235924 0 57 1
P 19.2603071096 21.9727484 0 64 3
P 10.7396928904 8.02725159996 0 64 3
P 16.0413867138 9.5539249789 0 14 2
P 13.9586132862 20.4460750211 0 14 2
P 9.4951209509 1.70660246835 0 3 4
P 20.5048790491 28.2933975317 0 3 4
P 26.362524535 16.3387659091 0 33 3
P 3.63747546497 13.6612340909 0 33 3
