P 15 15 0 33 0
P 20.5058503849 17.8296530544 1 100 5
P 9.49414961505 12.1703469456 2 100 5
P 11.1766858585 22.4392850404 0 30 4
P 18.8233141415 7.56071495956 0 30 4
P 9.91060099531 22.0229692237 0 36 5
P 20.0893990047 7.97703077626 0 36 5
P 27.0877149669 22.0457221513 0 58 5
P 2.91228503311 7.95427784867 0 58 5
P 5.72155655787 23.2148858362 0 29 3
P 24.2784434421 6.78511416376 0 29 3
P 2.4019812672 14.5368806183 0 86 5
P 27.5980187328 15.4631193817 0 86 5
P 0.694354142424 18.5586464546 0 22 5
P 29.3056458576 11.4413535454 0 22 5
