P 15 15 0 98 0
P 7.76046930871 12.2275213296 1 100 5
P 22.2395306913 17.7724786704 2 100 5
P 22.5069026594 16.5184805224 0 38 3
P 7.4930973406 13.4815194776 0 38 3
P 15.2438966133 5.67111589998 0 13 5
P 14.7561033867 24.3288841 0 13 5
P 5.8624494911 3.98687660264 0 22 1
P 24.1375505089 26.0131233974 0 22 1
P 15.8445397444 22.50959324 0 3 5
P 14.1554602556 7.49040675997 0 3 5
P 20.4058727958 25.1936549024 0 97 5
P 9.59412720415 4.8063450976 0 97 5
P 15.4129098495 28.2119477538 0 74 1
P 14.5870901505 1.78805224618 0 74 1
P 18.2123289734 27.7010314091 0 28 4
P 11.7876710266 2.29896859094 0 28 4
P 6.22397154349 14.2516003352 0 42 5
P 23.7760284565 15.7483996648 0 42 5
