P 15 15 0 89 4
P 22.6283496894 13.4286128241 1 100 5
P 7.3716503106 16.5713871759 2 100 5
P 23.6047000025 19.4934216149 0 33 4
P 6.39529999754 10.5065783851 0 33 4
P 24.2164213762 18.3230706119 0 75 4
P 5.78357862385 11.6769293881 0 75 4
P 10.9443194307 21.6509546744 0 41 3
P 19.0556805693 8.34904532561 0 41 3
P 4.91697409735 22.6656774177 0 99 3
P 25.0830259026 7.33432258226 0 99 3
P 2.72077260139 14.4020416053 0 25 3
P 27.2792273986 15.5979583947 0 25 3
P 19.0692392308 16.6667871872 0 59 3
P 10.9307607692 13.3332128128 0 59 3
P 18.0449122214 15.5215512274 0 74 3
P 11.9550877786 14.4784487726 0 74 3
P 16.8580057809 18.7391730763 0 2 5
P 13.1419942191 11.2608269237 0 2 5
P 16.8367181453 13.8548265901 0 94 5
P 13.1632818547 16.1451734099 0 94 5
P 26.1031135015 10.7108807656 0 26 3
P 3.89688649852 19.2891192344 0 26 3
P 9.29232585533 27.5123645814 0 76 5
P 20.7076741447 2.48763541857 0 76 5
P 23.5147494326 24.1120131799 0 85 3
P 6.4852505674 5.88798682006 0 85 3
P 18.5129731859 9.9943493079 0 97 1
P 11.4870268141 20.0056506921 0 97 1
