P 15 15 0 60 1
P 18.6455500273 11.8260093625 1 100 5
P 11.3544499727 18.1739906375 2 100 5
P 10.4527804219 9.77720058108 0 26 1
P 19.5472195781 20.2227994189 0 26 1
P 6.4920082272 5.22797695964 0 1 5
P 23.5079917728 24.7720230404 0 1 5
P 8.57789667625 24.3982905262 0 14 5
P 21.4221033237 5.60170947385 0 14 5
P 19.8643429935 28.0583848432 0 46 4
P 10.1356570065 1.94161515675 0 46 4
P 10.0083518005 22.5888394894 0 51 2
P 19.9916481995 7.41116051055 0 51 2
P 25.6531221361 4.75522302322 0 71 1
P 4.34687786394 25.2447769768 0 71 1
P 23.1438311743 14.9224633821 0 71 5
P 6.85616882574 15.0775366179 0 71 5
P 14.8949174461 5.81531783621 0 42 2
P 15.1050825539 24.1846821638 0 42 2
P 14.0322286312 22.3116599889 0 58 3
P 15.9677713688 7.68834001112 0 58 3
P 20.1440758292 14.628824813 0 95 2
P 9.85592417079 15.371175187 0 95 2
P 0.969602484576 10.1724070638 0 69 4
P 29.0303975154 19.8275929362 0 69 4
