P 15 15 0 4 4
P 3.95930444476 24.2381608641 1 100 5
P 26.0406955552 5.76183913593 2 100 5
P 7.10769055672 5.56775617213 0 2 5
P 22.8923094433 24.4322438279 0 2 5
P 5.46909827797 3.60944447405 0 93 2
P 24.530901722 26.3905555259 0 93 2
P 18.7108618748 26.6084516706 0 56 3
P 11.2891381252 3.39154832939 0 56 3
P 12.0963065202 26.0606210966 0 29 1
P 17.9036934798 3.93937890335 0 29 1
P 23.1398533402 18.3107192351 0 66 1
P 6.86014665978 11.6892807649 0 66 1
P 21.1017840917 8.25934229082 0 68 4
P 8.89821590834 21.7406577092 0 68 4
