P 15 15 0 10 2
P 7.90303955543 22.1449780501 1 100 5
P 22.0969604446 7.85502194986 2 100 5
P 9.65245754661 9.68839554144 0 54 3
P 20.3475424534 20.3116044586 0 54 3
P 7.11738049946 3.55600852716 0 27 1
P 22.8826195005 26.4439914728 0 27 1
P 12.2285616978 4.15413001906 0 56 3
P 17.7714383022 25.8458699809 0 56 3
P 3.3128781499 5.69254997709 0 84 2
P 26.6871218501 24.3074500229 0 84 2
P 16.9585181134 16.9632332614 0 96 1
P 13.0414818866 13.0367667386 0 96 1
P 25.4044966326 8.01439373544 0 27 1
P 4.59550336743 21.9856062646 0 27 1
P 17.1171199094 20.7396768504 0 96 3
P 12.8828800906 9.26032314961 0 96 3
P 6.72439497241 20.9394660204 0 45 3
P 23.2756050276 9.06053397964 0 45 3
