P 15 15 0 19 3
P 15.974394275 27.2680711092 1 100 5
P 14.025605725 2.73192889084 2 100 5
P 11.2409255567 15.2985653233 0 73 5
P 18.7590744433 14.7014346767 0 73 5
P 0.619300315131 16.1421902693 0 83 3
P 29.3806996849 13.8578097307 0 83 3
P 29.0271017291 17.2850634217 0 62 4
P 0.972898270928 12.7149365783 0 62 4
P 19.7588253269 26.7934156453 0 45 5
P 10.2411746731 3.2065843547 0 45 5
P 18.5701940227 12.4789233134 0 50 4
P 11.4298059773 17.5210766866 0 50 4
P 14.9627186599 18.5126952041 0 20 2
P 15.0372813401 11.4873047959 0 20 2
P 16.5603850685 5.16538512091 0 99 3
P 13.4396149315 24.8346148791 0 99 3
