P 15 15 0 40 0
P 4.1075893616 4.89333094124 1 100 5
P 7.19558413863 2.3556153949 2 100 5
P 9.54964994962 8.36779391495 0 57 5
P 11.974566583 11.3185304187 0 6 2
P 6.89138901165 5.13311463646 0 25 5
P 13.1157848811 12.7072109385 0 94 1
P 25.620661425 18.5438857229 0 17 2
P 16.4186835041 26.1060754651 0 17 2
P 26.8736995767 6.14350659661 0 78 4
P 4.01053507141 24.9324658381 0 78 4
P 15.2658372488 27.4220533462 0 61 2
P 27.1350900456 17.6678958684 0 61 2
P 13.9294081932 25.0600649803 0 21 4
P 25.0768393809 15.899100837 0 21 4
