P 15 15 0 32 5
P 10.0501857695 20.1089256473 1 100 5
P 19.8053407182 9.75495636167 2 100 5
P 8.75029840333 9.11174538217 0 34 3
P 5.10896722591 5.68100796394 0 81 3
P 11.2629099886 5.05865869707 0 56 3
P 4.85390317441 11.8610785514 0 56 3
P 6.46208833369 9.22189070963 0 8 3
P 8.72409155953 6.82103577218 0 8 3
P 14.6682775485 4.08910789783 0 28 3
P 4.08870236317 15.3181039619 0 28 3
P 8.94095447134 16.642426224 0 29 1
P 16.2789802561 8.8539601267 0 29 1
P 16.1942663421 4.45048129808 0 100 2
P 4.54023744449 16.8198857712 0 100 2
P 14.1690103902 8.25742197822 0 65 4
P 8.21992228987 14.5716912842 0 65 4
P 13.4518052464 18.9808282571 0 99 5
P 18.8816512224 13.2176744418 0 99 5
P 22.7229977431 18.9178388097 0 39 4
P 19.3704437958 22.4761872707 0 39 4
