P 15 15 0 1 4
P 20.3749961454 8.40715529407 1 100 5
P 9.62500385464 21.5928447059 2 100 5
P 6.62654858724 21.2929089488 0 78 1
P 23.3734514128 8.70709105118 0 78 1
P 13.6166432458 4.32438346259 0 100 4
P 16.3833567542 25.6756165374 0 100 4
P 22.1998086063 22.5362310216 0 87 1
P 7.80019139367 7.46376897842 0 87 1
P 4.85408648395 21.7602456656 0 48 5
P 25.1459135161 8.23975433437 0 48 5
P 28.122555823 17.5473256134 0 12 5
P 1.87744417702 12.4526743866 0 12 5
P 6.59704852915 3.21927106412 0 41 5
P 23.4029514708 26.7807289359 0 41 5
P 26.8764904991 23.4747427377 0 84 1
P 3.12350950085 6.52525726226 0 84 1
P 16.7947014132 24.7115113099 0 26 1
P 13.2052985868 5.28848869014 0 26 1
