P 15 15 0 92 1
P 27.5652775559 8.15925425819 1 100 5
P 2.43472244412 21.8407457418 2 100 5
P 9.91805330747 5.66533487343 0 61 2
P 20.0819466925 24.3346651266 0 61 2
P 8.59414108616 3.2335350159 0 41 5
P 21.4058589138 26.7664649841 0 41 5
P 24.3797107218 4.27686899976 0 73 4
P 5.62028927819 25.7231310002 0 73 4
P 3.56757655017 8.9599505161 0 97 5
P 26.4324234498 21.0400494839 0 97 5
P 12.8560531315 19.4703729698 0 73 2
P 17.1439468685 10.5296270302 0 73 2
P 25.3320727439 10.0102069097 0 84 5
P 4.66792725611 19.9897930903 0 84 5
P 13.5578232605 12.6314167005 0 31 1
P 16.4421767395 17.3685832995 0 31 1
P 22.8240888819 21.6839936296 0 70 5
P 7.17591111809 8.3160063704 0 70 5
P 12.9850896365 23.9350702034 0 72 5
P 17.0149103635 6.0649297966 0 72 5
P 23.4428489055 27.2454227621 0 67 5
P 6.55715109447 2.75457723794 0 67 5
P 22.2232119695 9.00633902647 0 59 2
P 7.77678803049 20.9936609735 0 59 2
P 15.5223162416 23.3059014944 0 16 2
P 14.4776837584 6.69409850562 0 16 2
P 27.2439687665 6.6911216869 0 67 3
P 2.75603123347 23.3088783131 0 67 3
