P 15 15 0 30 5
P 23.7758187667 13.2981841031 1 100 5
P 18.166373206 23.3597400135 2 100 5
P 23.329312773 19.6436979504 0 48 2
P 28.0062126815 22.2511292128 0 90 4
P 20.2589851198 17.931951181 0 79 5
P 9.88266056666 8.72863244858 0 24 2
P 6.97487326192 13.9442752827 0 24 2
P 5.96402049096 15.6738871973 0 73 5
P 10.8224553971 6.95940482716 0 73 5
P 20.7209966637 14.1314146844 0 4 5
P 17.2690362756 20.3231304377 0 4 5
P 4.21194248246 22.1087038853 0 39 5
P 15.3749386727 2.0858497406 0 39 5
P 6.67347220539 5.35976227799 0 75 2
P 2.42193617801 12.9856616617 0 75 2
P 22.8105795062 24.9770243571 0 30 2
P 27.5932792297 16.398386745 0 30 2
P 26.4578869348 24.5475384798 0 70 2
P 29.1455604725 19.7267095269 0 70 2
P 21.1375227511 11.7193124349 0 86 2
P 15.4362191376 21.9456323891 0 86 2
P 8.13755941403 9.87864217858 0 82 5
P 7.035600202 11.8552054775 0 82 5
