P 15 15 0 11 5
P 8.51452390509 13.7660595563 1 100 5
P 21.4854760949 16.2339404437 2 100 5
P 12.1417281605 7.39355893081 0 58 2
P 17.8582718395 22.6064410692 0 58 2
P 16.439481243 25.3307799023 0 24 1
P 13.560518757 4.66922009765 0 24 1
P 10.3255521416 23.4497969601 0 31 2
P 19.6744478584 6.55020303992 0 31 2
P 15.8465861355 29.2167842188 0 87 5
P 14.1534138645 0.783215781158 0 87 5
P 14.2566168564 12.6215600575 0 65 2
P 15.7433831436 17.3784399425 0 65 2
P 9.31150115277 15.8680584655 0 59 5
P 20.6884988472 14.1319415345 0 59 5
