P 15 15 0 87 3
P 13.9775903994 10.0515736283 1 100 5
P 9.98564586202 14.3767043026 2 100 5
P 11.2947182077 11.5801543296 0 20 4
P 7.55050540837 8.12437669955 0 53 5
P 9.63255374904 10.0460345929 0 86 3
P 5.26401717455 6.01402792577 0 47 4
P 10.9736304047 15.6138230302 0 22 2
P 15.2897761898 10.937431774 0 22 2
P 22.6251817605 7.78187409696 0 26 4
P 8.41496309562 23.1781432734 0 26 4
P 12.004251266 21.3721718573 0 25 2
P 21.1121141916 11.5041246067 0 25 2
P 21.7780759386 6.51180578286 0 42 1
P 7.08120256396 22.4353481199 0 42 1
P 28.4462309127 16.8986613313 0 78 3
P 17.9681761109 28.2512630033 0 78 3
P 5.64193422893 4.63057230029 0 71 2
P 3.91522546479 6.50140015657 0 71 2
P 13.2815886434 17.8994349613 0 10 3
P 17.7526833843 13.0551619936 0 10 3
P 28.0102505909 8.17658057412 0 43 1
P 9.23917043629 28.5143818148 0 43 1
P 6.49846542088 25.4501822223 0 96 2
P 24.7366342083 5.68977159392 0 96 2
P 22.9705281763 20.1789404614 0 2 5
P 20.7999276835 22.5307093012 0 2 5
