P 15 15 0 93 0
P 10.5628837518 24.3820300026 1 100 5
P 19.4371162482 5.61796999739 2 100 5
P 9.43718409801 6.66189327981 0 77 2
P 20.562815902 23.3381067202 0 77 2
P 10.2309705837 21.5678943191 0 43 5
P 19.7690294163 8.43210568086 0 43 5
P 2.39035688489 8.31379618646 0 83 4
P 27.6096431151 21.6862038135 0 83 4
P 10.9068811339 22.9068185978 0 21 2
P 19.0931188661 7.09318140221 0 21 2
P 18.4025522832 20.6455143848 0 27 4
P 11.5974477168 9.3544856152 0 27 4
P 16.6909834164 21.4153001526 0 43 3
P 13.3090165836 8.58469984744 0 43 3
P 25.0471410738 10.6849209184 0 22 4
P 4.95285892624 19.3150790816 0 22 4
P 7.06965388492 3.90661405376 0 41 3
P 22.9303461151 26.0933859462 0 41 3
P 21.8797143277 23.8782100227 0 44 2
P 8.12028567226 6.1217899773 0 44 2
P 10.6809753312 1.48538851737 0 74 5
P 19.3190246688 28.5146114826 0 74 5
P 16.9984422989 27.9403873193 0 100 4
P 13.0015577011 2.05961268068 0 100 4
P 24.5227263397 19.1341599779 0 57 5
P 5.47727366034 10.8658400221 0 57 5
