P 15 15 0 65 0
P 23.6382699666 6.34918394887 1 100 5
P 26.5940057777 11.1224548497 2 100 5
P 19.7008746537 12.0890938632 0 12 4
P 26.3404996062 7.97766217374 0 42 2
P 16.1063847108 14.3148972731 0 42 4
P 24.9508007819 8.83820050621 0 65 4
P 19.293790013 21.9209056473 0 20 3
P 10.7180382643 8.07176996997 0 20 3
P 17.6548608743 8.6776348831 0 29 2
P 21.842956118 15.4410651876 0 29 2
P 24.5691531272 4.87147465831 0 32 4
P 28.3317139079 10.9477017078 0 32 4
P 3.88952721493 19.4910624615 0 83 5
P 6.02800723771 22.9445322967 0 83 5
P 12.4624380003 3.03423443579 0 55 3
P 24.5808048715 22.6044029651 0 55 3
P 22.5370629551 4.38993567958 0 25 1
P 27.8571443658 12.9814307964 0 25 1
P 22.1703548989 16.9809452392 0 48 1
P 16.42227634 7.69826983314 0 48 1
P 13.0847000826 21.5381199925 0 41 3
P 8.29350094569 13.8007263681 0 41 3
P 9.09147673387 8.46138810341 0 72 5
P 18.2200950225 23.2033578958 0 72 5
