P 15 15 0 20 2
P 27.891544209 9.0845885572 1 100 5
P 2.10845579096 20.9154114428 2 100 5
P 5.48576630313 8.94404244601 0 21 4
P 24.5142336969 21.055957554 0 21 4
P 17.2702823328 0.276349184356 0 31 2
P 12.7297176672 29.7236508156 0 31 2
P 5.30578456221 16.7930500068 0 1 3
P 24.6942154378 13.2069499932 0 1 3
P 25.9730318789 9.36544446254 0 16 5
P 4.02696812114 20.6345555375 0 16 5
P 25.5896811904 17.8644249262 0 6 1
P 4.41031880957 12.1355750738 0 6 1
P 23.2191539561 13.0044719112 0 20 2
P 6.78084604391 16.9955280888 0 20 2
P 5.48427485409 12.7351544764 0 93 1
P 24.5157251459 17.2648455236 0 93 1
P 17.1794977157 10.5920648749 0 57 4
P 12.8205022843 19.4079351251 0 57 4
P 21.132244853 25.2828917532 0 93 2
P 8.86775514703 4.71710824679 0 93 2
