P 15 15 0 41 0
P 6.60031647274 26.7864361794 1 100 5
P 23.3996835273 3.21356382058 2 100 5
P 7.00070877374 9.29925095931 0 29 1
P 22.9992912263 20.7007490407 0 29 1
P 26.1318394156 16.7245855146 0 77 3
P 3.86816058445 13.2754144854 0 77 3
P 27.527289897 19.5164474156 0 92 4
P 2.47271010301 10.4835525844 0 92 4
P 11.2582982199 25.8825229319 0 92 3
P 18.7417017801 4.1174770681 0 92 3
P 20.916026552 6.65147236476 0 45 3
P 9.08397344799 23.3485276352 0 45 3
P 4.80743825411 15.0585509039 0 3 2
P 25.1925617459 14.9414490961 0 3 2
P 8.08507546154 3.13646233102 0 81 3
P 21.9149245385 26.863537669 0 81 3
P 18.6836713378 29.4360315955 0 2 1
P 11.3163286622 0.563968404528 0 2 1
P 6.97433493995 23.6385120914 0 61 2
P 23.0256650601 6.36148790862 0 61 2
P 20.5901339338 7.68846577716 0 51 2
P 9.40986606619 22.3115342228 0 51 2
P 17.8369814826 5.10255179222 0 72 5
P 12.1630185174 24.8974482078 0 72 5
