P 15 15 0 43 5
P 29.0255829805 15.4339999929 1 100 5
P 0.974417019495 14.5660000071 2 100 5
P 14.659595633 26.0008520146 0 70 2
P 15.340404367 3.9991479854 0 70 2
P 25.8834363031 4.81838537987 0 23 3
P 4.11656369688 25.1816146201 0 23 3
P 16.226987494 29.8109575612 0 19 3
P 13.773012506 0.189042438795 0 19 3
P 22.4887359821 7.95355669444 0 17 4
P 7.51126401789 22.0464433056 0 17 4
P 14.2370539054 29.6403863369 0 34 1
P 15.7629460946 0.359613663118 0 34 1
P 19.5825522093 14.2261970834 0 85 4
P 10.4174477907 15.7738029166 0 85 4
P 16.030294131 12.2951347775 0 75 4
P 13.969705869 17.7048652225 0 75 4
P 23.3590206115 15.3918356922 0 25 4
P 6.6409793885 14.6081643078 0 25 4
P 9.3194059223 23.8919499457 0 50 4
P 20.6805940777 6.10805005435 0 50 4
P 16.3735076841 17.0848326646 0 62 1
P 13.6264923159 12.9151673354 0 62 1
