P 15 15 0 97 5
P 5.98241959166 21.7844223427 1 100 5
P 20.8505697304 24.6496620031 2 100 5
P 17.6535560264 1.23030738186 0 79 4
P 16.4436606082 7.50863270915 0 52 3
P 16.4943540066 18.7892619036 0 12 1
P 12.2045021364 17.9625649977 0 12 1
P 19.111218344 26.0389705658 0 54 1
P 7.08091456703 23.7206119814 0 54 1
P 12.4027759581 6.87285511586 0 95 4
P 20.4314257254 8.42005537403 0 95 4
P 22.6399196845 13.3715139695 0 62 4
P 8.51238672004 10.6489985674 0 62 4
P 9.28976236964 7.71403612945 0 29 5
P 23.0089031477 10.357850316 0 29 5
P 19.2739828189 14.5292078408 0 76 3
P 11.2070522356 12.9746304906 0 76 3
P 3.85284215203 23.5848685369 0 72 3
P 22.1585583271 27.1125611891 0 72 3
P 21.5876122338 3.78161773137 0 54 5
P 13.0531206183 2.13693674349 0 54 5
P 11.5784199312 20.7022652279 0 13 4
P 16.0574750603 21.565423474 0 13 4
P 21.023021116 11.9051552746 0 38 2
P 10.5584183319 9.88852276502 0 38 2
