P 15 15 0 4 2
P 24.0520143758 13.0661518031 1 100 5
P 19.318948395 6.81309473182 2 100 5
P 20.8355867607 10.5829257817 0 27 4
P 24.6595086573 7.68852158297 0 22 4
P 17.9915229454 20.4195722729 0 35 4
P 10.5962557874 10.6493667055 0 35 4
P 15.0091593503 28.6697655376 0 43 2
P 1.84623195772 11.2796559248 0 43 2
P 15.1184707097 1.80444778767 0 47 4
P 27.7320220555 18.4687530723 0 47 4
P 14.7561036134 21.8173373939 0 87 1
P 8.37253759603 13.3837337242 0 87 1
P 17.8861526253 5.31465544669 0 43 2
P 25.1051404468 14.8519707994 0 43 2
P 2.75020895574 17.1201897448 0 87 3
P 9.63346984004 26.2139617988 0 87 3
P 6.31314349328 23.9135158064 0 70 2
P 4.06272357216 20.9403892415 0 70 2
P 18.0022689726 23.3634031524 0 25 1
P 7.76592887132 9.83973390424 0 25 1
P 9.25510718382 22.6105620898 0 49 5
P 6.11551475917 18.4627114806 0 49 5
P 11.1180764728 12.9818090056 0 37 2
P 15.8883813127 19.2840639356 0 37 2
