P 15 15 0 45 4
P 18.6966334132 9.59328431966 1 100 5
P 11.3033665868 20.4067156803 2 100 5
P 25.7739058126 21.1473737571 0 69 4
P 4.22609418738 8.85262624293 0 69 4
P 20.0147026965 10.4207897691 0 9 4
P 9.9852973035 19.5792102309 0 9 4
P 24.4774467928 20.5135340063 0 90 1
P 5.52255320724 9.48646599374 0 90 1
P 13.251524676 1.08292601877 0 36 3
P 16.748475324 28.9170739812 0 36 3
P 6.2862453004 11.274339889 0 95 3
P 23.7137546996 18.725660111 0 95 3
P 23.8599904856 10.4196459334 0 96 2
P 6.14000951437 19.5803540666 0 96 2
P 8.75292441201 3.17134274452 0 7 2
P 21.247075588 26.8286572555 0 7 2
P 15.5158273702 1.61728309915 0 44 4
P 14.4841726298 28.3827169008 0 44 4
P 8.17683239316 26.0871091503 0 10 4
P 21.8231676068 3.91289084967 0 10 4
P 4.9852270409 17.0210314597 0 51 2
P 25.0147729591 12.9789685403 0 51 2
P 24.9393376797 4.01965882324 0 31 1
P 5.06066232028 25.9803411768 0 31 1
