P 15 15 0 6 3
P 14.0713504557 5.86674847222 1 100 5
P 17.8305511353 23.7330781353 2 100 5
P 24.8347826279 12.9306929719 0 68 4
P 27.0726587008 12.4598281993 0 80 1
P 21.5709914371 13.6174174583 0 35 4
P 16.7757436371 14.626371123 0 20 3
P 23.9975096298 20.4870425409 0 55 5
P 21.0234892239 6.35243427586 0 55 5
P 22.8171068832 6.99775565274 0 23 2
P 25.3790014341 19.173655933 0 23 2
P 23.9663256089 5.94117016138 0 92 2
P 26.8565559623 19.6775499658 0 92 2
P 16.6520673118 17.1590373936 0 74 3
P 15.6419552768 12.3582842143 0 74 3
P 17.8773791626 5.49222248403 0 92 1
P 21.4647964822 22.5421184413 0 92 1
P 28.6725545582 13.927414039 0 60 5
P 27.9455029831 10.4719605451 0 60 5
P 4.32568643816 25.3889223886 0 27 5
P 1.04428129762 9.79340860908 0 27 5
P 26.7417441646 5.73527534748 0 46 5
P 29.479621111 18.747566063 0 46 5
P 19.4959103978 28.1421506232 0 93 3
P 13.8187652936 1.16041843563 0 93 3
