P 15 15 0 76 0
P 18.4389395583 4.66650300828 1 100 5
P 11.5610604417 25.3334969917 2 100 5
P 5.04481150698 11.686959744 0 20 3
P 24.955188493 18.313040256 0 20 3
P 2.13435755736 9.37742487785 0 38 4
P 27.8656424426 20.6225751222 0 38 4
P 9.06265155817 20.9228548075 0 98 4
P 20.9373484418 9.07714519251 0 98 4
P 1.9624420345 15.0572780511 0 71 4
P 28.0375579655 14.9427219489 0 71 4
P 9.87788624261 5.37383633654 0 31 3
P 20.1221137574 24.6261636635 0 31 3
P 14.1150033695 26.3552959741 0 12 2
P 15.8849966305 3.6447040259 0 12 2
P 13.6608237964 29.7316885964 0 94 1
P 16.3391762036 0.268311403638 0 94 1
P 20.8242031405 11.5362089779 0 93 2
P 9.17579685947 18.4637910221 0 93 2
P 12.8677516483 14.7883485493 0 82 3
P 17.1322483517 15.2116514507 0 82 3
P 17.6733771664 5.66609701289 0 17 2
P 12.3266228336 24.3339029871 0 17 2
P 15.5943871897 23.0956407229 0 29 5
P 14.4056128103 6.9043592771 0 29 5
P 15.9791332713 27.9358940779 0 90 4
P 14.0208667287 2.06410592206 0 90 4
P 26.6653357716 13.3177476009 0 6 5
P 3.33466422843 16.6822523991 0 6 5
