P 15 15 0 4 1
P 0.180545095895 14.8774834609 1 100 5
P 29.8194549041 15.1225165391 2 100 5
P 14.8880403958 28.5425006047 0 53 3
P 15.1119596042 1.45749939528 0 53 3
P 24.0111506633 7.18059361967 0 12 5
P 5.98884933668 22.8194063803 0 12 5
P 14.0306406734 2.83250308939 0 56 2
P 15.9693593266 27.1674969106 0 56 2
P 21.5487360769 27.8952760568 0 52 1
P 8.45126392312 2.10472394322 0 52 1
P 17.0095367722 11.8294576689 0 53 1
P 12.9904632278 18.1705423311 0 53 1
P 1.28870475463 13.5295851409 0 94 3
P 28.7112952454 16.4704148591 0 94 3
P 17.9137137439 21.0705389484 0 72 5
P 12.0862862561 8.92946105156 0 72 5
P 7.08081503553 3.3825233397 0 41 2
P 22.9191849645 26.6174766603 0 41 2
P 19.0912696521 9.42481208302 0 81 4
P 10.9087303479 20.575187917 0 81 4
P 26.3602710858 6.96426629872 0 59 3
P 3.63972891424 23.0357337013 0 59 3
P 4.49867032137 16.6399890626 0 5 4
P 25.5013296786 13.3600109374 0 5 4
P 3.05291860951 16.2295828826 0 23 5
P 26.9470813905 13.7704171174 0 23 5
