P 15 15 0 31 1
P 24.0717274343 15.9683133549 1 100 5
P 5.92827256566 14.0316866451 2 100 5
P 14.4743666672 19.9244413509 0 57 1
P 15.5256333328 10.0755586491 0 57 1
P 13.4464025318 29.5550122828 0 70 2
P 16.5535974682 0.444987717156 0 70 2
P 14.0365512586 21.3217060426 0 88 3
P 15.9634487414 8.67829395745 0 88 3
P 5.64418887729 15.5065067727 0 62 2
P 24.3558111227 14.4934932273 0 62 2
P 16.775295985 19.8729218006 0 23 2
P 13.224704015 10.1270781994 0 23 2
P 17.4209977138 17.4750595098 0 39 3
P 12.5790022862 12.5249404902 0 39 3
P 16.3482743106 5.33628346485 0 53 4
P 13.6517256894 24.6637165352 0 53 4
