P 15 15 0 41 0
P 20.5219027135 11.7044469393 1 100 5
P 9.47809728653 18.2955530607 2 100 5
P 9.32221998828 5.48652888438 0 11 1
P 20.6777800117 24.5134711156 0 11 1
P 25.5573005238 7.98149587073 0 35 2
P 4.44269947621 22.0185041293 0 35 2
P 10.769567664 19.5935535683 0 87 4
P 19.230432336 10.4064464317 0 87 4
P 27.4421842099 13.4671515742 0 74 2
P 2.55781579012 16.5328484258 0 74 2
P 8.11617988718 5.76954424845 0 48 5
P 21.8838201128 24.2304557515 0 48 5
P 23.9402107072 23.3598772895 0 70 4
P 6.0597892928 6.64012271047 0 70 4
P 12.7298551461 10.9067555546 0 20 3
P 17.2701448539 19.0932444454 0 20 3
P 10.9454060099 1.66889820895 0 85 5
P 19.0545939901 28.331101791 0 85 5
P 12.2030697033 18.5814813627 0 94 5
P 17.7969302967 11.4185186373 0 94 5
