P 15 15 0 86 1
P 9.02186542858 19.2710523727 1 100 5
P 20.9781345714 10.7289476273 2 100 5
P 7.06071322743 3.88748706736 0 92 4
P 22.9392867726 26.1125129326 0 92 4
P 7.82238166509 4.95358413708 0 52 2
P 22.1776183349 25.0464158629 0 52 2
P 7.54596996411 18.1613923277 0 49 1
P 22.4540300359 11.8386076723 0 49 1
P 3.19946361039 13.6269978878 0 99 1
P 26.8005363896 16.3730021122 0 99 1
P 18.2516644076 11.9231864491 0 49 3
P 11.7483355924 18.0768135509 0 49 3
P 1.73769076483 9.53354746995 0 18 2
P 28.2623092352 20.46645253 0 18 2
P 25.5922372685 5.76912669663 0 9 2
P 4.40776273148 24.2308733034 0 9 2
P 13.8341810182 11.1345382338 0 41 3
P 16.1658189818 18.8654617662 0 41 3
P 14.4529444376 28.2382016128 0 48 2
P 15.5470555624 1.76179838717 0 48 2
P 9.89412540201 18.4026001025 0 36 3
P 20.105874598 11.5973998975 0 36 3
P 5.28582884005 3.59384284226 0 80 3
P 24.71417116 26.4061571577 0 80 3
