P 15 15 0 93 4
P 19.8971728932 12.7675552616 1 100 5
P 10.1028271068 17.2324447384 2 100 5
P 11.1896365088 6.64144649067 0 15 1
P 18.8103634912 23.3585535093 0 15 1
P 22.2974257541 8.04024696258 0 19 1
P 7.70257424594 21.9597530374 0 19 1
P 5.85668405929 6.17514013657 0 62 4
P 24.1433159407 23.8248598634 0 62 4
P 22.045761435 3.28030711874 0 91 5
P 7.954238565 26.7196928813 0 91 5
P 18.6403131938 8.81258401978 0 94 2
P 11.3596868062 21.1874159802 0 94 2
P 1.51291522741 16.0468129013 0 2 5
P 28.4870847726 13.9531870987 0 2 5
P 28.6745293641 20.5953380531 0 73 4
P 1.3254706359 9.40466194686 0 73 4
P 3.83202866498 19.7869146809 0 5 2
P 26.167971335 10.2130853191 0 5 2
P 17.3237088985 8.59962432167 0 90 5
P 12.6762911015 21.4003756783 0 90 5
