P 15 15 0 13 0
P 7.01976879154 21.9365830861 1 100 5
P 24.5409727555 10.4425759544 2 100 5
P 20.6133885838 23.5569223317 0 28 1
P 9.50969389897 17.0542370625 0 66 4
P 19.0708909648 10.7820386743 0 66 4
P 2.50522807979 22.9877589132 0 41 1
P 27.3031717415 6.72017011697 0 41 1
P 0.326391399305 16.143344628 0 75 5
P 21.8927512438 1.99569276757 0 75 5
P 1.96610627264 14.5017177591 0 79 1
P 19.733893787 2.84595044849 0 79 1
P 16.1386443815 17.8160593008 0 43 3
P 17.1296039211 17.165984338 0 43 3
P 26.810551081 20.3410606685 0 11 1
P 15.1954574448 27.9606266164 0 11 1
P 13.7467221359 29.0947301711 0 93 5
P 28.4278119687 19.4638536865 0 93 5
P 12.9200422744 17.2529617242 0 52 2
P 17.8949502719 13.9893944419 0 52 2
P 21.7246048999 27.9877607536 0 31 1
P 24.2351047456 26.3408589088 0 31 1
P 22.5404391672 3.36070837759 0 59 4
P 1.32052748178 17.2810883211 0 59 4
P 14.8766417032 9.56629648703 0 76 2
P 10.0649556968 12.7227892365 0 76 2
P 0.581903734366 11.6173146296 0 74 4
P 17.6393975146 0.427503954357 0 74 4
P 13.3823342223 8.72276341826 0 59 5
P 9.88633950432 11.0161553737 0 59 5
