P 15 15 0 67 5
P 21.0919901544 3.21369559535 1 100 5
P 3.58690393455 8.23460616365 2 100 5
P 11.8882932201 4.15123168761 0 95 4
P 12.526052885 6.37474030601 0 41 1
P 18.2126386772 17.2326090619 0 10 1
P 13.4591648921 18.5960280398 0 10 1
P 7.5412049323 14.096013053 0 44 5
P 20.8456753901 10.2799475114 0 44 5
P 2.95829498462 15.9594858733 0 2 3
P 25.719567463 9.43096541364 0 2 3
P 21.2540193498 8.89999072507 0 31 2
P 6.4635021681 13.1422928249 0 31 2
P 8.46667763635 6.41035027975 0 11 1
P 15.987153477 4.2532836905 0 11 1
P 21.6565575624 27.0715668408 0 24 3
P 15.7539206675 28.7645954608 0 24 3
P 17.9184282554 11.9921354457 0 45 4
P 10.9309578829 13.9963223088 0 45 4
P 12.4197884513 25.0160483156 0 50 4
P 22.4968996049 22.1256727268 0 50 4
P 16.1805343554 17.2612617051 0 96 4
P 15.1975142227 17.5432172528 0 96 4
P 18.9345738299 22.3891325154 0 78 5
P 15.5801770603 23.3512600924 0 78 5
P 12.0622594349 12.7011056 0 28 5
P 16.272595709 11.4934724795 0 28 5
P 15.942225546 2.6357425213 0 95 5
P 7.6474050456 5.01491114634 0 95 5
