P 15 15 0 12 3
P 27.8884919948 10.2735593465 1 100 5
P 2.11150800519 19.7264406535 2 100 5
P 7.6810941632 20.2443118732 0 91 3
P 22.3189058368 9.7556881268 0 91 3
P 29.8180269273 12.7702907412 0 55 3
P 0.181973072732 17.2297092588 0 55 3
P 14.3702360418 1.22867362204 0 70 5
P 15.6297639582 28.771326378 0 70 5
P 4.49438464001 24.945581036 0 15 3
P 25.50561536 5.05441896395 0 15 3
P 4.35679519056 9.26567909986 0 55 2
P 25.6432048094 20.7343209001 0 55 2
P 23.873939703 6.42801817073 0 34 3
P 6.12606029698 23.5719818293 0 34 3
P 7.76761518508 28.0126041647 0 34 2
P 22.2323848149 1.98739583525 0 34 2
P 19.0309770762 1.77250933433 0 65 5
P 10.9690229238 28.2274906657 0 65 5
P 12.6750435633 5.79526185233 0 34 2
P 17.3249564367 24.2047381477 0 34 2
P 21.4202645767 9.07757105562 0 92 2
P 8.57973542331 20.9224289444 0 92 2
P 17.7528161469 9.73195486733 0 83 2
P 12.2471838531 20.2680451327 0 83 2
