P 15 15 0 91 5
P 9.91415262585 18.8039183793 1 100 5
P 9.17683161827 12.4649756317 2 100 5
P 23.7592702601 13.9811559702 0 19 4
P 21.8077528793 14.208148833 0 52 2
P 17.8448431682 14.6690989784 0 1 5
P 16.6911739558 28.5389765034 0 6 2
P 13.5384655624 1.43431272671 0 6 2
P 12.470176345 3.33715540761 0 72 1
P 15.214652161 26.9321362782 0 72 1
P 8.92790411871 10.905202464 0 7 5
P 10.0298806582 20.3791847877 0 7 5
P 25.111961809 20.8171977615 0 75 2
P 23.5067932859 7.01714152617 0 75 2
P 22.3593783571 15.8228593398 0 82 2
P 21.9740319059 12.5099344844 0 82 2
P 6.06718584856 19.3558239631 0 52 4
P 5.30589272492 12.810786625 0 52 4
P 1.20115812696 10.3497094443 0 35 1
P 2.63692123667 22.6933427573 0 35 1
P 26.7738775375 9.87378010276 0 79 2
P 27.6361474351 17.2869413417 0 79 2
