P 15 15 0 72 2
P 8.47067917499 11.7586393275 1 100 5
P 21.529320825 18.2413606725 2 100 5
P 11.7398656785 21.5671380227 0 11 2
P 18.2601343215 8.43286197727 0 11 2
P 9.53252753663 26.0135481431 0 33 3
P 20.4674724634 3.98645185693 0 33 3
P 6.63688289856 27.3798698217 0 71 3
P 23.3631171014 2.6201301783 0 71 3
P 4.46922252293 21.0042303598 0 65 3
P 25.5307774771 8.99576964015 0 65 3
P 14.3213591866 22.367479818 0 79 5
P 15.6786408134 7.63252018196 0 79 5
P 12.5433929004 11.6605700249 0 68 4
P 17.4566070996 18.3394299751 0 68 4
P 19.43551707 0.74137351039 0 38 4
P 10.56448293 29.2586264896 0 38 4
P 19.7638569198 15.4415830238 0 75 4
P 10.2361430802 14.5584169762 0 75 4
P 17.3219655208 7.43558817553 0 91 2
P 12.6780344792 22.5644118245 0 91 2
P 11.1747841646 26.2595910201 0 97 3
P 18.8252158354 3.7404089799 0 97 3
