P 15 15 0 73 1
P 16.4724652792 12.5497134035 1 100 5
P 17.7991059608 15.580572324 2 100 5
P 2.91461069824 20.2899094025 0 7 4
P 6.79115008212 18.59310497 0 41 2
P 8.39660699291 17.8903786121 0 78 2
P 4.85870019739 19.4389597919 0 60 4
P 5.96951646658 25.3247637592 0 1 5
P 1.28820507326 14.6297846346 0 1 5
P 8.57203435863 20.5010464605 0 40 2
P 6.59765111719 15.9903472617 0 40 2
P 12.3649063306 21.4413551253 0 82 1
P 8.48002897622 12.5659185828 0 82 1
P 25.2757039947 20.9019570219 0 66 3
P 17.6353561044 3.44672827815 0 66 3
P 7.99119169502 23.415532949 0 80 2
P 4.06241488244 14.4398031876 0 80 2
P 17.5262517692 8.16364877241 0 38 5
P 21.7363200941 17.7820204346 0 38 5
