P 15 15 0 37 0
P 7.90913923331 4.94010401198 1 100 5
P 12.748418333 27.1000906484 2 100 5
P 28.6662368199 12.0155787862 0 30 5
P 18.5084292291 14.2338321986 0 44 1
P 22.0008926173 13.4711510039 0 79 1
P 24.791453838 12.8617506097 0 56 2
P 5.13009563636 12.1627956632 0 54 2
P 7.21139296407 21.6934550896 0 54 2
P 4.98875378329 23.9034900727 0 42 4
P 2.18848555155 11.0805250577 0 42 4
P 28.4096375932 8.99600436827 0 47 1
P 29.6917907666 14.8672295242 0 47 1
P 28.7572057048 19.4059486622 0 78 1
P 25.6680441987 5.26008596575 0 78 1
P 1.90018736618 20.6634504207 0 85 4
P 0.73179422183 15.3131542441 0 85 4
P 8.19443910348 3.93945800615 0 68 5
P 13.4248921923 27.8907053224 0 68 5
P 10.6740344195 2.39697898621 0 97 3
P 16.3217766446 28.2590732474 0 97 3
P 25.1628541301 14.0560952017 0 7 1
P 24.6311472663 11.62130755 0 7 1
P 19.9225010048 26.4705102359 0 34 2
P 14.6925701724 2.52165443196 0 34 2
