P 15 15 0 97 0
P 16.1598014658 24.0107503021 1 100 5
P 13.8401985342 5.98924969791 2 100 5
P 2.25797818824 16.6400649312 0 41 3
P 27.7420218118 13.3599350688 0 41 3
P 6.27896166826 16.1225117444 0 49 3
P 23.7210383317 13.8774882556 0 49 3
P 20.3410348258 11.4345303832 0 26 4
P 9.65896517424 18.5654696168 0 26 4
P 12.8353279299 10.2631015388 0 95 5
P 17.1646720701 19.7368984612 0 95 5
P 14.2839338227 19.0888507813 0 64 5
P 15.7160661773 10.9111492187 0 64 5
P 21.6804202672 26.1149352899 0 58 1
P 8.31957973276 3.88506471009 0 58 1
P 12.327584509 7.92541703363 0 100 5
P 17.672415491 22.0745829664 0 100 5
P 27.7337886352 15.6440599699 0 13 5
P 2.26621136478 14.3559400301 0 13 5
P 26.2473703145 18.740582484 0 82 3
P 3.75262968547 11.259417516 0 82 3
P 8.63489398297 2.58367500902 0 12 3
P 21.365106017 27.416324991 0 12 3
P 23.0287271725 15.3474064289 0 65 4
P 6.97127282749 14.6525935711 0 65 4
P 6.27796655516 22.5775097764 0 16 3
P 23.7220334448 7.42249022361 0 16 3
P 8.75719905937 21.1577154782 0 61 3
P 21.2428009406 8.84228452179 0 61 3
