P 15 15 0 74 2
P 14.3799478845 13.0475518765 1 100 5
P 15.6200521155 16.9524481235 2 100 5
P 5.62464378973 19.4081702926 0 2 4
P 24.3753562103 10.5918297074 0 2 4
P 13.2010688318 9.28233001383 0 15 1
P 16.7989311682 20.7176699862 0 15 1
P 21.801727816 8.70211053954 0 83 4
P 8.19827218396 21.2978894605 0 83 4
P 1.79245660428 11.4045164711 0 42 1
P 28.2075433957 18.5954835289 0 42 1
P 5.19353204302 8.16211611972 0 73 5
P 24.806467957 21.8378838803 0 73 5
P 27.3809516895 22.9965600626 0 75 2
P 2.61904831055 7.00343993738 0 75 2
P 5.89608649974 15.9993960608 0 92 4
P 24.1039135003 14.0006039392 0 92 4
P 25.2394646344 15.8233759345 0 68 4
P 4.76053536556 14.1766240655 0 68 4
P 20.3263672165 8.83563933681 0 26 5
P 9.6736327835 21.1643606632 0 26 5
P 9.7767591708 18.417226286 0 82 5
P 20.2232408292 11.582773714 0 82 5
