P 15 15 0 16 2
P 9.7869012897 13.9296857383 1 100 5
P 11.223482486 11.2503485164 2 100 5
P 14.3597446563 21.7085009905 0 14 5
P 20.2331765944 10.7540872388 0 14 5
P 24.698272453 23.4974603708 0 27 5
P 27.4447880049 18.3749922725 0 27 5
P 0.373025340566 13.679982579 0 49 5
P 5.80564163105 3.54772477353 0 49 5
P 19.090125019 19.1790238179 0 4 1
P 20.7442807046 16.0938930153 0 4 1
P 29.8391263737 16.9039462173 0 92 3
P 24.7981223591 26.3058162451 0 92 3
P 3.32460715615 17.619548472 0 25 4
P 10.720380954 3.82584709805 0 25 4
P 19.9590932942 1.59264676965 0 80 3
P 6.57749847412 26.5503764004 0 80 3
P 25.1898200313 21.8591528691 0 5 4
P 26.3522761465 19.6910805413 0 5 4
