P 15 15 0 38 0
P 2.65625156682 19.6914748773 1 100 5
P 10.1506830631 27.2825969221 2 100 5
P 21.3527648703 8.72815232701 0 12 3
P 17.0299083313 12.9959472601 0 26 3
P 25.3418622185 4.78986538712 0 63 4
P 18.2373414408 11.8038936122 0 30 5
P 22.2872024509 7.8056169766 0 4 5
P 5.91803012433 10.5971570954 0 2 5
P 19.2860645495 24.1376612512 0 2 5
P 2.26883106 11.9707204211 0 72 4
P 17.8658370624 27.7689535702 0 72 4
P 21.7105402313 2.53922468633 0 40 4
P 27.5457701512 8.44973871313 0 40 4
P 11.8794993055 4.96028222447 0 27 2
P 24.9988929893 18.2489377625 0 27 2
P 2.30661772471 10.4145629239 0 43 3
P 19.4223510724 27.7511175102 0 43 3
P 10.3028814144 16.0971650657 0 87 3
P 13.8427153782 19.6826687362 0 87 3
P 11.5733130782 6.53278665699 0 52 5
P 23.4225929254 18.5349417915 0 52 5
P 10.4804310418 18.4780230069 0 20 3
P 11.4643289551 19.4746148288 0 20 3
P 29.6373501724 17.6457358406 0 86 5
P 12.54210942 0.329938237893 0 86 5
P 26.9968391961 18.9441819027 0 38 1
P 11.2099228253 2.95358822769 0 38 1
P 9.07050283912 1.43782659694 0 70 2
P 28.4850522815 21.1028558037 0 70 2
