P 15 15 0 95 4
P 9.83108230503 13.7827867933 1 100 5
P 20.168917695 16.2172132067 2 100 5
P 14.2426570298 18.2160704948 0 35 4
P 15.7573429702 11.7839295052 0 35 4
P 18.4640122779 3.38861059065 0 45 1
P 11.5359877221 26.6113894093 0 45 1
P 19.9587415184 9.11981995844 0 11 4
P 10.0412584816 20.8801800416 0 11 4
P 10.4760159526 9.45479739696 0 65 5
P 19.5239840474 20.545202603 0 65 5
P 2.43768695036 7.65143900562 0 27 4
P 27.5623130496 22.3485609944 0 27 4
P 16.7111423622 9.91903492935 0 66 5
P 13.2888576378 20.0809650706 0 66 5
P 11.6684005176 20.9268267863 0 12 3
P 18.3315994824 9.07317321366 0 12 3
P 4.34231497025 14.7429572845 0 65 1
P 25.6576850297 15.2570427155 0 65 1
P 27.8599781678 11.0060048072 0 55 3
P 2.14002183217 18.9939951928 0 55 3
P 3.91863372256 16.2070562967 0 24 4
P 26.0813662774 13.7929437033 0 24 4
