P 15 15 0 5 5
P 10.8972807282 20.3878661665 1 100 5
P 19.1027192718 9.61213383349 2 100 5
P 5.98398182041 8.13453779336 0 84 3
P 24.0160181796 21.8654622066 0 84 3
P 25.5332301644 9.7406006132 0 8 2
P 4.46676983563 20.2593993868 0 8 2
P 23.9382251818 26.5747781898 0 55 5
P 6.06177481817 3.42522181015 0 55 5
P 15.347045142 6.35343244629 0 58 3
P 14.652954858 23.6465675537 0 58 3
P 29.3707919632 17.2072196431 0 54 3
P 0.629208036765 12.7927803569 0 54 3
P 17.2982370609 7.99936586636 0 45 3
P 12.7017629391 22.0006341336 0 45 3
