P 15 15 0 80 1
P 21.2992753555 12.8134083653 1 100 5
P 15.2396878674 21.6636778664 2 100 5
P 4.48406430479 7.79996701158 0 63 5
P 11.6924860366 12.735416958 0 83 1
P 3.39140767409 7.05184872577 0 74 2
P 6.16999225875 8.95428529922 0 16 2
P 19.1671541349 15.6445462381 0 6 5
P 17.1080500854 18.6519499278 0 6 5
P 24.4786296775 10.8412874036 0 87 3
P 14.5509454031 25.341066724 0 87 3
P 20.5734109343 3.88613152164 0 11 4
P 6.65420982574 24.2156805697 0 11 4
P 9.96008927061 27.624722603 0 67 3
P 24.9473198155 5.73527391391 0 67 3
P 20.4867610241 17.9498359374 0 14 3
P 19.7345482492 19.0484727329 0 14 3
P 18.4215245702 22.8020742204 0 1 2
P 23.5113848964 15.3681299629 0 1 2
