P 15 15 0 20 1
P 20.9617530012 11.804079352 1 100 5
P 9.03824699882 18.195920648 2 100 5
P 9.80750951498 5.31379400744 0 7 3
P 20.192490485 24.6862059926 0 7 3
P 8.76527416918 3.36958124841 0 54 4
P 21.2347258308 26.6304187516 0 54 4
P 3.17160835724 20.2545631648 0 62 4
P 26.8283916428 9.74543683519 0 62 4
P 21.2034870527 1.80236460633 0 89 2
P 8.79651294733 28.1976353937 0 89 2
P 18.9947133273 11.1841869355 0 93 5
P 11.0052866727 18.8158130645 0 93 5
P 12.4924173598 29.090029303 0 49 1
P 17.5075826402 0.909970696968 0 49 1
P 22.7804770225 22.5389102929 0 34 3
P 7.21952297755 7.46108970715 0 34 3
P 10.4984894932 20.2468224685 0 4 3
P 19.5015105068 9.75317753155 0 4 3
P 10.7817954588 16.9814248514 0 80 2
P 19.2182045412 13.0185751486 0 80 2
