P 15 15 0 61 4
P 8.53882519661 12.0444551789 1 100 5
P 21.4611748034 17.9555448211 2 100 5
P 20.8153848053 2.11312317785 0 70 4
P 9.18461519467 27.8868768221 0 70 4
P 5.82177970125 17.0542572405 0 54 2
P 24.1782202987 12.9457427595 0 54 2
P 3.61884915795 11.4038602607 0 97 5
P 26.381150842 18.5961397393 0 97 5
P 11.8025838384 11.7537802067 0 97 3
P 18.1974161616 18.2462197933 0 97 3
P 15.9121723538 29.5107843792 0 55 3
P 14.0878276462 0.489215620844 0 55 3
P 15.0656884012 26.339558904 0 25 5
P 14.9343115988 3.66044109604 0 25 5
P 11.7158359748 3.17654012935 0 91 2
P 18.2841640252 26.8234598706 0 91 2
P 15.9051444048 6.36957480407 0 46 5
P 14.0948555952 23.6304251959 0 46 5
P 8.36447969809 20.7606829006 0 30 4
P 21.6355203019 9.23931709938 0 30 4
P 2.04666410298 22.0368126778 0 70 5
P 27.953335897 7.96318732224 0 70 5
P 2.5886528407 13.022721965 0 48 4
P 27.4113471593 16.977278035 0 48 4
P 8.0988126295 23.0564441639 0 74 2
P 21.9011873705 6.94355583612 0 74 2
