P 15 15 0 70 0
P 7.05631230645 2.7131597448 1 100 5
P 19.9689964549 1.23854325079 2 100 5
P 16.4208421454 27.4418015956 0 71 5
P 16.5940808932 28.9587907533 0 23 4
P 15.2814170295 17.4642673064 0 87 2
P 16.1898281488 25.4188954477 0 51 3
P 15.5625246451 19.9258251875 0 39 3
P 25.0443149071 14.3604778645 0 1 4
P 5.07011154663 16.6415132706 0 1 4
P 11.0366001279 9.8943977361 0 19 1
P 17.7102558382 9.13227247441 0 19 1
P 25.945558843 19.7084561888 0 61 1
P 5.39781566812 22.0549893071 0 61 1
P 13.4516220894 20.0439728055 0 74 3
P 17.6457149403 19.5650113111 0 74 3
P 3.67924727969 8.63256810512 0 37 4
P 24.5936889785 6.24415835719 0 37 4
P 1.45581225786 11.4715433641 0 36 5
P 27.3999462912 8.50874743964 0 36 5
