P 15 15 0 72 4
P 22.3316028853 3.23913133075 1 100 5
P 7.66839711466 26.7608686693 2 100 5
P 7.15446741997 10.1091768033 0 53 2
P 22.84553258 19.8908231967 0 53 2
P 3.00747481395 7.52398485782 0 66 3
P 26.992525186 22.4760151422 0 66 3
P 10.8316007851 11.0854128295 0 70 5
P 19.1683992149 18.9145871705 0 70 5
P 0.452259194949 17.144893995 0 11 3
P 29.5477408051 12.855106005 0 11 3
P 27.2641087366 15.161942714 0 91 3
P 2.73589126338 14.838057286 0 91 3
P 15.0296804478 7.13912103214 0 47 2
P 14.9703195522 22.8608789679 0 47 2
P 24.3476396491 7.88421375655 0 82 1
P 5.65236035093 22.1157862435 0 82 1
