P 15 15 0 11 4
P 15.8187964892 21.6127804543 1 100 5
P 14.1812035108 8.38721954572 2 100 5
P 8.70082707472 13.3259861907 0 9 3
P 21.2991729253 16.6740138093 0 9 3
P 22.3606182598 13.8958920394 0 7 2
P 7.63938174021 16.1041079606 0 7 2
P 4.07399548929 14.688942892 0 87 5
P 25.9260045107 15.311057108 0 87 5
P 12.7941393365 18.5480891657 0 62 5
P 17.2058606635 11.4519108343 0 62 5
P 9.98437790145 4.56261599538 0 46 4
P 20.0156220985 25.4373840046 0 46 4
P 26.378019558 10.9551549037 0 42 4
P 3.621980442 19.0448450963 0 42 4
P 4.64459948021 22.415208383 0 93 5
P 25.3554005198 7.58479161699 0 93 5
P 21.5366214964 1.50548626516 0 27 3
P 8.46337850363 28.4945137348 0 27 3
P 20.2819786115 6.5390216319 0 84 2
P 9.71802138846 23.4609783681 0 84 2
P 6.26356609687 20.39655557 0 75 2
P 23.7364339031 9.60344442997 0 75 2
