P 15 15 0 34 4
P 19.6956026874 23.9038479891 1 100 5
P 24.0880469271 19.3283480291 2 100 5
P 25.388432357 24.9728139582 0 68 5
P 24.39443355 25.3006921023 0 27 1
P 25.6754748287 23.9662632514 0 27 1
P 16.3110823596 19.3688678469 0 73 4
P 19.4187306382 16.1317078972 0 73 4
P 26.6506880289 6.26954238585 0 24 5
P 6.75224950684 26.997251081 0 24 5
P 18.3561665632 16.3790110822 0 53 3
P 16.5148190148 18.297097044 0 53 3
P 21.2897830125 26.4735299748 0 89 1
P 26.7206428807 20.8163382717 0 89 1
P 6.8920651815 8.73120077674 0 55 5
P 8.4055583368 7.1546325852 0 55 5
P 27.200007281 18.9967318672 0 70 3
P 19.4912539277 27.0267485811 0 70 3
P 20.0733133035 6.54638928043 0 63 4
P 6.7604598868 20.4140577016 0 63 4
P 11.417560488 14.5637366254 0 5 3
P 14.4179097886 11.4383473534 0 5 3
