P 15 15 0 66 5
P 18.2730226264 24.7223549948 1 100 5
P 9.88506190948 6.10762843288 2 100 5
P 7.8046608121 18.2422835894 0 64 2
P 5.44073511072 19.307489455 0 30 4
P 9.61835511168 17.4250168685 0 20 2
P 1.75456903447 20.9685085488 0 64 2
P 10.1921699312 8.88228105897 0 99 4
P 16.3979393203 22.6542459242 0 99 4
P 15.4396370433 11.5619609187 0 50 3
P 17.8667104086 16.9481696249 0 50 3
P 10.9574140244 12.5967363161 0 21 5
P 14.122328067 19.6203754915 0 21 5
P 10.306712985 21.8458255727 0 92 1
P 6.76267336787 13.9808235031 0 92 1
P 14.4271377933 5.33097359866 0 53 3
P 21.8636929527 21.8343223298 0 53 3
P 11.7011368751 23.6400801259 0 80 5
P 6.34230325317 11.7476516885 0 80 5
P 12.1066099164 8.86107158983 0 16 3
P 17.682036066 21.2341664031 0 16 3
P 27.6112064153 9.89999669264 0 88 1
P 27.1746854512 8.93126082713 0 88 1
P 20.4971086946 11.2215330938 0 74 1
P 21.47201855 13.3850721223 0 74 1
