P 15 15 0 63 0
P 14.914312991 27.923826708 1 100 5
P 15.085687009 2.07617329196 2 100 5
P 0.691838790631 14.905134635 0 31 3
P 29.3081612094 15.094865365 0 31 3
P 3.2381299231 14.9220169467 0 41 3
P 26.7618700769 15.0779830533 0 41 3
P 23.2078682494 25.8908194444 0 82 3
P 6.79213175056 4.10918055565 0 82 3
P 25.59009502 20.0699188322 0 92 3
P 4.40990498003 9.93008116777 0 92 3
P 2.26454846794 18.6048022057 0 24 5
P 27.7354515321 11.3951977943 0 24 5
P 6.39928687069 10.921594379 0 45 2
P 23.6007131293 19.078405621 0 45 2
P 19.696205143 22.3631384613 0 11 2
P 10.303794857 7.63686153874 0 11 2
P 17.7934567435 23.6303744464 0 37 2
P 12.2065432565 6.36962555365 0 37 2
P 27.7366401241 8.7941104732 0 92 3
P 2.26335987593 21.2058895268 0 92 3
P 21.0547629674 15.8875867843 0 53 5
P 8.94523703257 14.1124132157 0 53 5
P 11.9351608066 19.874752792 0 81 1
P 18.0648391934 10.125247208 0 81 1
