P 15 15 0 85 0
P 18.252038916 7.37776136788 1 100 5
P 11.747961084 22.6222386321 2 100 5
P 7.1200096265 11.6379909382 0 32 4
P 22.8799903735 18.3620090618 0 32 4
P 2.44050868301 9.64147522806 0 90 3
P 27.559491317 20.3585247719 0 90 3
P 4.5705458027 20.1854753349 0 78 3
P 25.4294541973 9.81452466511 0 78 3
P 27.4651018488 15.3031603827 0 64 1
P 2.53489815123 14.6968396173 0 64 1
P 6.16772348669 5.29373842771 0 2 5
P 23.8322765133 24.7062615723 0 2 5
P 17.1284393937 18.1761207001 0 81 4
P 12.8715606063 11.8238792999 0 81 4
P 13.2339018858 18.1439343103 0 17 3
P 16.7660981142 11.8560656897 0 17 3
P 4.04655908228 24.9832934444 0 99 3
P 25.9534409177 5.01670655564 0 99 3
P 21.6390634032 22.9060686035 0 14 3
P 8.36093659678 7.09393139648 0 14 3
P 7.2813731653 18.1526800794 0 30 2
P 22.7186268347 11.8473199206 0 30 2
P 13.837602404 12.6701801187 0 91 1
P 16.162397596 17.3298198813 0 91 1
P 26.1686191774 6.48558892656 0 22 4
P 3.83138082259 23.5144110734 0 22 4
P 16.9353782161 21.1241737852 0 41 4
P 13.0646217839 8.87582621483 0 41 4
