P 15 15 0 70 5
P 13.0646346411 27.8825871091 1 100 5
P 16.9353653589 2.11741289086 2 100 5
P 1.29294535784 12.9407739686 0 60 3
P 28.7070546422 17.0592260314 0 60 3
P 5.14038614253 3.92798994385 0 97 4
P 24.8596138575 26.0720100561 0 97 4
P 20.6289512076 8.23407024445 0 89 5
P 9.37104879237 21.7659297556 0 89 5
P 14.5214814278 12.1275493706 0 44 5
P 15.4785185722 17.8724506294 0 44 5
P 18.9474540059 16.3101093186 0 40 5
P 11.0525459941 13.6898906814 0 40 5
P 24.8877940683 17.2420962575 0 4 4
P 5.11220593173 12.7579037425 0 4 4
P 25.1918107779 22.9541994762 0 45 1
P 4.80818922206 7.04580052376 0 45 1
P 6.26568209805 5.76503425261 0 2 2
P 23.7343179019 24.2349657474 0 2 2
P 6.63726026139 8.79145772484 0 25 1
P 23.3627397386 21.2085422752 0 25 1
