P 15 15 0 96 0
P 25.9300644383 6.49973951103 1 100 5
P 4.0699355617 23.500260489 2 100 5
P 11.4652642036 10.4548581096 0 52 5
P 18.5347357964 19.5451418904 0 52 5
P 6.34027595769 3.86488926743 0 69 3
P 23.6597240423 26.1351107326 0 69 3
P 10.5677995048 23.3161357759 0 79 3
P 19.4322004952 6.68386422414 0 79 3
P 19.8197462457 13.3312028342 0 20 2
P 10.1802537543 16.6687971658 0 20 2
P 29.8731601461 14.2198450089 0 91 5
P 0.126839853876 15.7801549911 0 91 5
P 27.577835173 21.760766042 0 55 1
P 2.422164827 8.23923395797 0 55 1
P 20.8576792265 1.61141515199 0 52 1
P 9.14232077348 28.388584848 0 52 1
P 2.25929767861 9.99037544487 0 13 1
P 27.7407023214 20.0096245551 0 13 1
P 27.3577653199 23.165869425 0 9 3
P 2.64223468014 6.83413057496 0 9 3
P 11.3799796346 5.92940735438 0 1 2
P 18.6200203654 24.0705926456 0 1 2
