P 15 15 0 45 5
P 5.83471912539 16.4962190936 1 100 5
P 24.1652808746 13.5037809064 2 100 5
P 10.0172528039 20.2569936931 0 36 4
P 19.9827471961 9.74300630694 0 36 4
P 19.5558169204 26.3831294683 0 70 5
P 10.4441830796 3.6168705317 0 70 5
P 25.0111277208 6.09224029916 0 81 3
P 4.98887227917 23.9077597008 0 81 3
P 8.88823080999 17.4445443601 0 50 3
P 21.11176919 12.5554556399 0 50 3
P 23.0305227623 18.9985233265 0 34 4
P 6.96947723765 11.0014766735 0 34 4
P 25.760453231 18.6458660667 0 69 2
P 4.23954676904 11.3541339333 0 69 2
P 16.4138927004 27.2049410786 0 32 5
P 13.5861072996 2.79505892139 0 32 5
P 1.83118841906 16.5064945489 0 20 4
P 28.1688115809 13.4935054511 0 20 4
P 11.9595560448 14.0932783821 0 35 4
P 18.0404439552 15.9067216179 0 35 4
