P 15 15 0 10 4
P 12.8907058906 16.7001927388 1 100 5
P 17.1092941094 13.2998072612 2 100 5
P 23.7897436361 3.71955578507 0 20 2
P 6.21025636393 26.2804442149 0 20 2
P 9.80599917428 18.1779063988 0 6 3
P 20.1940008257 11.8220936012 0 6 3
P 13.7437986084 12.0789660755 0 14 1
P 16.2562013916 17.9210339245 0 14 1
P 4.91460630702 20.932235092 0 86 4
P 25.085393693 9.06776490804 0 86 4
P 11.2419729557 20.6076771097 0 16 1
P 18.7580270443 9.39232289034 0 16 1
P 22.1946675426 23.9307031816 0 26 1
P 7.80533245741 6.06929681842 0 26 1
