P 15 15 0 18 4
P 22.4986608079 19.2498364273 1 100 5
P 7.50133919208 10.7501635727 2 100 5
P 6.17107146263 22.1475958139 0 27 5
P 23.8289285374 7.85240418609 0 27 5
P 6.07244163411 18.6136205286 0 87 4
P 23.9275583659 11.3863794714 0 87 4
P 9.52494431689 2.70463051199 0 5 3
P 20.4750556831 27.295369488 0 5 3
P 1.87927188013 17.4232140387 0 97 2
P 28.1207281199 12.5767859613 0 97 2
P 10.8974384232 4.92064442275 0 56 4
P 19.1025615768 25.0793555773 0 56 4
P 17.9708661706 16.3532535116 0 26 3
P 12.0291338294 13.6467464884 0 26 3
