P 15 15 0 33 0
P 10.30614925 24.5263905047 1 100 5
P 19.69385075 5.47360949526 2 100 5
P 25.1116908536 13.319221807 0 98 1
P 4.88830914642 16.680778193 0 98 1
P 24.190723864 4.19485029039 0 91 4
P 5.80927613604 25.8051497096 0 91 4
P 9.18855684737 22.0539017834 0 71 5
P 20.8114431526 7.94609821664 0 71 5
P 27.2000263612 18.6047775389 0 54 5
P 2.79997363877 11.3952224611 0 54 5
P 13.7878628863 16.813596027 0 33 5
P 16.2121371137 13.186403973 0 33 5
P 20.0563474608 3.54293463229 0 56 2
P 9.94365253917 26.4570653677 0 56 2
P 22.0238235164 11.9895293646 0 74 5
P 7.97617648358 18.0104706354 0 74 5
P 10.2624605881 22.7379305172 0 68 3
P 19.7375394119 7.26206948284 0 68 3
