P 15 15 0 14 1
P 25.4993114922 5.74482423195 1 100 5
P 4.50068850776 24.255175768 2 100 5
P 7.66802549781 6.68241791609 0 97 3
P 22.3319745022 23.3175820839 0 97 3
P 6.51265564281 5.37173637958 0 48 3
P 23.4873443572 24.6282636204 0 48 3
P 20.8845466482 11.9151010837 0 77 4
P 9.11545335182 18.0848989163 0 77 4
P 20.7212768293 1.53343846261 0 58 1
P 9.27872317075 28.4665615374 0 58 1
P 8.76570562552 13.6109359475 0 11 4
P 21.2342943745 16.3890640525 0 11 4
P 11.6671314414 4.8121475143 0 99 1
P 18.3328685586 25.1878524857 0 99 1
P 6.55115349745 7.26673229483 0 86 3
P 23.4488465026 22.7332677052 0 86 3
