P 15 15 0 75 3
P 24.5540695541 13.8513256802 1 100 5
P 12.2259272037 5.78565152283 2 100 5
P 9.55084984095 23.3288634699 0 91 1
P 14.1620455812 16.2807883329 0 83 4
P 10.6375935922 21.6678080636 0 49 5
P 8.28869708179 25.2580263123 0 20 1
P 22.5599538792 19.6090515906 0 58 3
P 7.74887218575 9.91891698139 0 58 3
P 1.84020323164 18.6303238099 0 79 4
P 16.9443298795 28.5121827722 0 79 4
P 27.1699633169 12.1673013774 0 79 2
P 12.7212629314 2.71425435744 0 79 2
P 27.447816875 10.6329779934 0 39 3
P 14.01585978 1.84513420109 0 39 3
P 28.0546183192 15.8740730609 0 98 4
P 8.97046995077 3.38828907695 0 98 4
