P 15 15 0 70 3
P 8.55953783012 1.50368446079 1 100 5
P 21.4404621699 28.4963155392 2 100 5
P 1.6619448912 21.3649400533 0 95 5
P 28.3380551088 8.63505994666 0 95 5
P 4.26430983461 20.1230875699 0 53 4
P 25.7356901654 9.87691243014 0 53 4
P 5.95634379041 24.6694439558 0 21 5
P 24.0436562096 5.33055604422 0 21 5
P 9.50065005673 23.9775397541 0 19 3
P 20.4993499433 6.02246024589 0 19 3
P 20.1455395928 16.8673991288 0 56 4
P 9.85446040722 13.1326008712 0 56 4
P 20.1230612895 27.5106530743 0 47 2
P 9.87693871047 2.48934692573 0 47 2
P 5.59648383461 22.8668543575 0 69 2
P 24.4035161654 7.13314564254 0 69 2
P 19.2359348606 11.8999397143 0 73 5
P 10.7640651394 18.1000602857 0 73 5
P 9.29391699747 19.3278756868 0 45 4
P 20.7060830025 10.6721243132 0 45 4
P 21.0406514224 8.64622218108 0 68 5
P 8.95934857762 21.3537778189 0 68 5
P 16.4828411071 22.475303288 0 60 1
P 13.5171588929 7.52469671199 0 60 1
P 1.9161399891 14.4562206748 0 62 1
P 28.0838600109 15.5437793252 0 62 1
