P 15 15 0 12 2
P 5.02103161449 5.54378224584 1 100 5
P 15.8961479483 28.7184832656 2 100 5
P 6.95020785707 20.0877438212 0 96 5
P 5.94242502278 17.9401745299 0 96 5
P 8.52347424876 24.175889911 0 60 4
P 3.80341302048 14.1175140369 0 60 4
P 2.74596550902 22.3340736297 0 31 2
P 1.5278808796 19.738354537 0 31 2
P 11.4472078185 9.11194432636 0 75 1
P 17.2583876372 21.4954766708 0 75 1
P 8.0145123203 17.1264048419 0 77 4
P 8.90031311402 19.0140323327 0 77 4
P 0.345499230392 12.0851826892 0 88 4
P 7.87683934343 28.1343494328 0 88 4
P 5.8445327473 13.0212694849 0 11 4
P 10.6710567448 23.3065158376 0 11 4
P 18.9812680403 16.0936732465 0 74 4
P 16.7030649071 11.238858378 0 74 4
P 24.3274792992 18.9132419941 0 34 5
P 17.9509271976 5.32491025076 0 34 5
P 9.70600585478 6.86705382847 0 85 2
P 17.8723265755 24.2693542107 0 85 2
P 24.4724034105 16.2868292405 0 8 1
P 20.0636649976 6.89187736545 0 8 1
