P 15 15 0 70 1
P 12.392671619 10.7014574041 1 100 5
P 17.607328381 19.2985425959 2 100 5
P 25.8567788326 7.35103581519 0 6 3
P 4.14322116739 22.6489641848 0 6 3
P 3.54587964793 20.1234745328 0 53 4
P 26.4541203521 9.87652546724 0 53 4
P 21.4556569634 16.4465041137 0 5 5
P 8.54434303659 13.5534958863 0 5 5
P 10.3231946609 9.19793401364 0 32 1
P 19.6768053391 20.8020659864 0 32 1
P 15.2093158768 24.2356532765 0 12 2
P 14.7906841232 5.7643467235 0 12 2
P 7.103805582 16.7319334148 0 24 5
P 22.896194418 13.2680665852 0 24 5
P 15.0880256586 7.61116085271 0 21 3
P 14.9119743414 22.3888391473 0 21 3
P 4.91820660766 20.915120952 0 56 1
P 25.0817933923 9.084879048 0 56 1
P 12.0361060629 0.587341560857 0 90 3
P 17.9638939371 29.4126584391 0 90 3
P 6.28738234283 5.8488184587 0 91 2
P 23.7126176572 24.1511815413 0 91 2
P 24.6561041545 6.0691355148 0 73 3
P 5.3438958455 23.9308644852 0 73 3
P 28.3560249913 17.0802750711 0 73 2
P 1.64397500871 12.9197249289 0 73 2
P 19.3459458001 18.05569758 0 63 3
P 10.6540541999 11.94430242 0 63 3
