P 15 15 0 45 3
P 20.1945690981 19.511704243 1 100 5
P 9.80543090192 10.488295757 2 100 5
P 7.74611322393 23.3517921519 0 18 2
P 22.2538867761 6.64820784815 0 18 2
P 16.0110545794 20.5171310839 0 31 3
P 13.9889454206 9.48286891606 0 31 3
P 18.8683477326 24.5648250871 0 60 4
P 11.1316522674 5.43517491288 0 60 4
P 25.9559337711 23.0006292577 0 57 1
P 4.04406622892 6.99937074233 0 57 1
P 17.0588507807 2.41449966182 0 60 2
P 12.9411492193 27.5855003382 0 60 2
P 6.84697855181 12.568865697 0 50 4
P 23.1530214482 17.431134303 0 50 4
P 14.3974999086 8.34149600268 0 6 1
P 15.6025000914 21.6585039973 0 6 1
P 27.1979806658 18.2278185351 0 39 5
P 2.80201933424 11.7721814649 0 39 5
P 19.5634845234 17.3254288333 0 78 1
P 10.4365154766 12.6745711667 0 78 1
P 15.6757809158 1.57104573847 0 16 5
P 14.3242190842 28.4289542615 0 16 5
