P 15 15 0 68 2
P 12.4962658934 10.9269797948 1 100 5
P 16.2595994214 19.6121131129 2 100 5
P 16.8588814888 14.194532683 0 83 3
P 28.0399851689 9.34967644217 0 79 3
P 26.0083630076 10.2299935905 0 14 4
P 27.8932633761 17.1803928589 0 42 4
P 22.2261698818 4.10170553042 0 42 4
P 5.29794175775 11.422799307 0 12 1
P 10.9752752867 24.5251188925 0 12 1
P 18.1747527405 16.9731740511 0 9 3
P 15.7313740495 11.3342718596 0 9 3
P 2.99757658912 6.24984597319 0 68 3
P 13.1764860019 29.741036596 0 68 3
P 13.1677820596 13.7920275818 0 11 3
P 14.6284065955 17.1629004337 0 11 3
P 9.94820310167 15.8339168464 0 95 2
P 10.9368910418 18.1156403519 0 95 2
P 13.5671068906 22.8270648449 0 45 3
P 8.30930282649 10.6929478664 0 45 3
P 10.8265423336 20.6250724452 0 66 4
P 8.04179905316 14.1983588767 0 66 4
P 7.79927355849 24.9907482366 0 5 1
P 2.78630373001 13.4216670068 0 5 1
P 8.09297245652 3.91055431807 0 58 5
P 18.367767863 27.623033496 0 58 5
P 19.4692824106 27.2719964254 0 61 4
P 9.10236651205 3.34691882925 0 61 4
P 19.2853399325 17.5290872162 0 3 2
P 16.0852396211 10.143800308 0 3 2
