P 15 15 0 4 3
P 22.7158388707 6.52698396687 1 100 5
P 7.28416112935 23.4730160331 2 100 5
P 4.74702957143 5.66326943522 0 62 5
P 25.2529704286 24.3367305648 0 62 5
P 21.068661654 8.74038433629 0 25 2
P 8.93133834603 21.2596156637 0 25 2
P 7.42806812686 11.0771712725 0 53 2
P 22.5719318731 18.9228287275 0 53 2
P 6.62316173541 22.1572995244 0 34 5
P 23.3768382646 7.8427004756 0 34 5
P 14.575715302 12.7856651176 0 61 1
P 15.424284698 17.2143348824 0 61 1
P 7.01398343873 8.56358137602 0 61 3
P 22.9860165613 21.436418624 0 61 3
P 2.82491486227 22.9131246614 0 75 5
P 27.1750851377 7.08687533859 0 75 5
P 4.33715494719 25.19517483 0 85 4
P 25.6628450528 4.80482517 0 85 4
P 9.38547664752 1.58451035417 0 80 3
P 20.6145233525 28.4154896458 0 80 3
