P 15 15 0 91 5
P 10.5291116779 12.4838297624 1 100 5
P 19.724607518 16.9995096536 2 100 5
P 19.4380691519 5.96254663597 0 62 4
P 18.7951432522 7.27176752371 0 35 5
P 19.9439287007 4.93244054142 0 65 4
P 0.54520483582 14.9660321011 0 41 2
P 23.8645771394 26.4175973478 0 41 2
P 19.0885052637 8.30002792533 0 75 1
P 17.8020981895 7.66830532354 0 75 1
P 26.5067670087 17.6662719772 0 17 1
P 5.8548602997 7.52463291124 0 17 1
P 8.28049910242 7.8276488179 0 60 3
P 24.7839429373 15.9320806787 0 60 3
P 21.2060171847 11.5460787069 0 13 1
P 13.9387819336 7.97731975591 0 13 1
P 23.2973336748 20.6689369041 0 30 3
P 5.44104764709 11.9001578028 0 30 3
P 28.1200744058 12.7511187292 0 3 4
P 8.75793816252 3.24285394322 0 3 4
P 29.6071185666 17.3140858278 0 80 3
P 4.23798952407 4.8559358956 0 80 3
P 29.0628157759 11.1594764433 0 100 1
P 9.4410417789 1.52370999743 0 100 1
P 24.7650730755 17.4882590394 0 1 2
P 7.06060145649 8.79403222819 0 1 2
P 14.9148172427 10.127185763 0 51 5
P 18.9080352652 12.0881560727 0 51 5
