P 15 15 0 11 0
P 14.7645667462 12.5963343241 1 100 5
P 15.2354332538 17.4036656759 2 100 5
P 6.81958720806 5.52329426222 0 8 1
P 23.1804127919 24.4767057378 0 8 1
P 12.0174357983 16.2927840109 0 50 4
P 17.9825642017 13.7072159891 0 50 4
P 9.42581562513 23.0243491572 0 66 3
P 20.5741843749 6.97565084279 0 66 3
P 8.32755180567 9.41333050858 0 72 5
P 21.6724481943 20.5866694914 0 72 5
P 18.8708207371 1.40432970935 0 70 2
P 11.1291792629 28.5956702907 0 70 2
P 11.9727166297 12.1834282578 0 27 3
P 18.0272833703 17.8165717422 0 27 3
P 5.74827179846 14.5609208426 0 80 4
P 24.2517282015 15.4390791574 0 80 4
P 10.0429087439 20.5144029894 0 45 5
P 19.9570912561 9.48559701058 0 45 5
P 17.7009632174 23.8891467409 0 21 4
P 12.2990367826 6.11085325912 0 21 4
P 4.55785473158 6.08219050116 0 43 4
P 25.4421452684 23.9178094988 0 43 4
P 16.5003369458 5.22081685757 0 9 1
P 13.4996630542 24.7791831424 0 9 1
P 12.7871531682 27.0089643042 0 68 4
P 17.2128468318 2.99103569575 0 68 4
P 4.48127273587 11.8934365153 0 29 2
P 25.5187272641 18.1065634847 0 29 2
