P 15 15 0 92 4
P 9.92620531635 24.1900996515 1 100 5
P 20.0737946837 5.80990034851 2 100 5
P 5.35888411888 9.67720216786 0 33 1
P 24.6411158811 20.3227978321 0 33 1
P 2.31370785408 7.9959800126 0 99 3
P 27.6862921459 22.0040199874 0 99 3
P 16.5532494582 18.8434678183 0 34 3
P 13.4467505418 11.1565321817 0 34 3
P 11.1681482893 1.45400069128 0 50 3
P 18.8318517107 28.5459993087 0 50 3
P 26.5437927287 17.3301678184 0 92 5
P 3.45620727133 12.6698321816 0 92 5
P 7.73449333378 23.25610166 0 99 5
P 22.2655066662 6.74389834 0 99 5
P 14.3338569306 20.3016753322 0 82 2
P 15.6661430694 9.6983246678 0 82 2
P 6.51628274105 21.4980924449 0 85 4
P 23.4837172589 8.50190755507 0 85 4
P 18.8803332957 9.35368930731 0 43 3
P 11.1196667043 20.6463106927 0 43 3
