P 15 15 0 100 0
P 21.3732153791 11.5837431054 1 100 5
P 21.6800514802 17.7686815743 2 100 5
P 4.0391042313 15.5437723495 0 77 2
P 24.0042046438 21.2275811211 0 5 1
P 23.3436054575 7.91179036306 0 5 1
P 21.1879440421 1.5440385658 0 79 4
P 22.489387928 27.7774261121 0 79 4
P 14.0176368928 0.369685906689 0 95 2
P 15.4705225531 29.6557066111 0 95 2
P 26.5741958593 7.81913741707 0 29 2
P 27.2281024977 21.0000255442 0 29 2
P 8.96364898041 16.0654872817 0 51 5
P 8.88783049403 14.5372033824 0 51 5
P 7.06581738955 10.6482196665 0 73 4
P 7.53550168681 20.11571214 0 73 4
P 6.06530908643 22.2303429902 0 6 2
P 5.39354437629 8.68948719778 0 6 2
P 14.7024899026 28.3300502581 0 21 5
P 13.3845847366 1.7648503723 0 21 5
P 5.14524061929 13.6941851182 0 70 4
P 5.32287546797 17.2747957598 0 70 4
