P 15 15 0 81 5
P 20.3354542604 21.0877968991 1 100 5
P 11.5691881314 22.3319760755 2 100 5
P 13.0152886827 1.01607555708 0 41 1
P 13.3151473398 3.12882654904 0 10 2
P 14.0090828545 8.01817328715 0 80 1
P 13.638528 5.40730940897 0 5 1
P 13.8625895439 6.98600736551 0 66 1
P 21.7864124022 24.4684064126 0 21 2
P 11.1161892156 25.9828105273 0 21 2
P 22.5906461217 22.4986948995 0 72 4
P 9.79564150903 24.3146651275 0 72 4
P 3.9378513869 14.8052468656 0 9 1
P 25.5710958552 11.7348823695 0 9 1
P 4.83674208069 5.39192283359 0 48 2
P 22.0884355602 2.94342338478 0 48 2
P 16.7195399327 21.9341861376 0 5 3
P 15.2778128275 22.1388076738 0 5 3
P 20.6368576839 14.9659575674 0 37 5
P 9.57627876654 16.5357641151 0 37 5
P 24.0171015906 18.4669864964 0 37 2
P 7.30369160053 20.8390884119 0 37 2
P 15.5023586798 25.264173586 0 47 2
P 17.3734984381 24.9986063435 0 47 2
P 11.4272127514 16.3828488078 0 38 5
P 18.8164712708 15.3341056549 0 38 5
P 18.6948613184 24.5047845779 0 12 1
P 14.0957721203 25.1575244019 0 12 1
