P 15 15 0 45 0
P 22.9408796618 9.61150845394 1 100 5
P 24.4170975226 16.8470747671 2 100 5
P 20.6248806155 13.8523981579 0 46 1
P 29.4593254596 13.5125997396 0 19 1
P 28.8863580607 10.7042448752 0 19 1
P 29.0938755921 17.1841919719 0 39 2
P 27.1118114964 7.46925992672 0 39 2
P 18.2404288959 10.2233115895 0 92 1
P 19.8526561872 18.1255174819 0 92 1
P 1.79694501713 14.408966393 0 11 2
P 3.08370986175 20.7159435744 0 11 2
P 13.800621836 27.1391695738 0 5 5
P 9.1410979571 4.30087794382 0 5 5
P 10.4173333162 13.2338373617 0 42 4
P 11.4754702242 18.4202126043 0 42 4
P 17.1251516653 1.04838352778 0 61 2
P 22.4206900726 27.0040505928 0 61 2
P 5.46150396164 9.95145292285 0 98 3
P 8.20156497539 23.3816475397 0 98 3
P 27.2838854328 22.4603319931 0 89 5
P 23.3796138841 3.32385055223 0 89 5
