P 15 15 0 9 3
P 16.9871754162 22.1286405243 1 100 5
P 13.0128245838 7.8713594757 2 100 5
P 29.0117482661 18.602645953 0 24 5
P 0.988251733869 11.397354047 0 24 5
P 22.4542770273 18.1824752222 0 49 1
P 7.54572297273 11.8175247778 0 49 1
P 4.20996479928 24.8316576002 0 38 1
P 25.7900352007 5.1683423998 0 38 1
P 5.2253051282 14.0209702257 0 22 2
P 24.7746948718 15.9790297743 0 22 2
P 14.696230093 20.3701230754 0 96 3
P 15.303769907 9.62987692455 0 96 3
P 22.2771463636 21.9734477247 0 17 5
P 7.72285363643 8.02655227531 0 17 5
P 11.7065908155 28.5187612766 0 35 2
P 18.2934091845 1.48123872337 0 35 2
P 2.57779798593 11.8639664988 0 33 5
P 27.4222020141 18.1360335012 0 33 5
P 10.5828113172 14.6412063947 0 76 5
P 19.4171886828 15.3587936053 0 76 5
P 11.2482165755 25.1823536994 0 27 3
P 18.7517834245 4.81764630064 0 27 3
P 27.1852764757 20.2220603666 0 57 3
P 2.81472352427 9.77793963337 0 57 3
P 19.6659650817 17.0645033326 0 9 3
P 10.3340349183 12.9354966674 0 9 3
