P 15 15 0 80 0
P 17.8511463079 21.2657410007 1 100 5
P 12.1488536921 8.73425899927 2 100 5
P 9.2796534383 22.0171195926 0 58 3
P 20.7203465617 7.98288040742 0 58 3
P 6.55995630409 4.68040705716 0 99 2
P 23.4400436959 25.3195929428 0 99 2
P 22.2703147976 25.4344804688 0 49 1
P 7.72968520239 4.56551953121 0 49 1
P 1.56344440907 8.72817764704 0 33 5
P 28.4365555909 21.271822353 0 33 5
P 19.4407192263 15.6550711429 0 42 3
P 10.5592807737 14.3449288571 0 42 3
P 27.2798254001 9.17262156883 0 31 5
P 2.72017459992 20.8273784312 0 31 5
P 23.7815478005 23.8810094094 0 51 2
P 6.21845219953 6.11899059056 0 51 2
