P 15 15 0 37 4
P 13.9625709182 1.38264576289 1 100 5
P 25.7463475104 6.57238997673 2 100 5
P 6.95690261015 5.5253362169 0 3 3
P 27.4196085138 14.5374053725 0 3 3
P 23.9140733913 3.88583133526 0 26 4
P 17.1814894206 0.920704796008 0 26 4
P 27.98006437 11.6234765407 0 39 3
P 8.72824876614 3.14470083966 0 39 3
P 20.58953144 18.4014774843 0 9 2
P 8.71716978939 13.1727191403 0 9 2
P 8.4455103288 22.8026589865 0 78 3
P 13.6685902174 25.1029782787 0 78 3
P 17.8409215438 2.68321535262 0 94 1
P 22.168632173 4.58920118163 0 94 1
P 4.29535368239 18.5352206381 0 55 2
P 19.6185600333 25.2837804802 0 55 2
P 22.5334903096 26.0084193473 0 2 3
P 1.79291881335 16.8739741995 0 2 3
P 19.5406000841 7.95614700389 0 40 3
P 17.1311719155 6.8950002825 0 40 3
