P 15 15 0 68 1
P 2.33206151337 13.9976233499 1 100 5
P 27.4574699086 12.4914410658 2 100 5
P 15.4917358264 23.202900533 0 42 2
P 15.2842462679 19.7416595188 0 2 1
P 15.6329825352 25.5591101897 0 4 2
P 15.7541050107 27.5796170657 0 81 3
P 15.1627473276 17.714872638 0 52 3
P 15.9270371313 10.8976684545 0 8 2
P 13.5895214614 11.0377945227 0 8 2
P 7.08917856124 5.72326624865 0 61 5
P 21.745934125 4.84464389052 0 61 5
P 6.18752330236 23.6498278011 0 39 2
P 24.7827083573 22.5351100676 0 39 2
P 22.3612968337 8.82340162568 0 85 3
P 6.9535404746 9.74704391246 0 85 3
P 15.7109133316 1.32861259066 0 13 2
P 12.6609412089 1.51144798606 0 13 2
P 2.88669959053 21.2316323531 0 35 4
P 27.7710064393 19.7399032819 0 35 4
P 9.28853597432 23.5196760372 0 96 3
P 21.6883549993 22.776349304 0 96 3
P 20.5239672465 12.7533135162 0 45 2
P 9.24719453931 13.4293174644 0 45 2
P 11.4745632816 22.2883504801 0 25 3
P 19.3708839194 21.8149930697 0 25 3
