P 15 15 0 55 3
P 4.31143667859 18.3145651588 1 100 5
P 25.640310633 18.4663406787 2 100 5
P 14.9883119466 16.642511368 0 73 3
P 14.9471080343 22.4328592066 0 17 5
P 14.9016706415 28.8181341384 0 70 2
P 14.9682958511 19.4553548284 0 77 1
P 14.9152828139 26.9052280897 0 2 2
P 10.4197155168 28.962024078 0 26 1
P 19.3811241562 29.025793148 0 26 1
P 18.1376437591 15.9948380744 0 87 4
P 11.8485162374 15.9500848633 0 87 4
P 26.8335570565 8.85663546677 0 26 3
P 3.25506882003 8.68885177043 0 26 3
P 16.6377055262 19.2715827908 0 75 2
P 13.3016705335 19.2478436826 0 75 2
