P 15 15 0 56 4
P 12.7743332214 11.2356353274 1 100 5
P 17.2256667786 18.7643646726 2 100 5
P 8.72057494651 18.7126869858 0 60 1
P 21.2794250535 11.2873130142 0 60 1
P 4.06825221125 21.4633557057 0 17 2
P 25.9317477888 8.53664429435 0 17 2
P 6.27275089964 4.77080160923 0 39 5
P 23.7272491004 25.2291983908 0 39 5
P 13.6552580846 0.575506603791 0 42 4
P 16.3447419154 29.4244933962 0 42 4
P 11.2417700025 4.76434342691 0 41 1
P 18.7582299975 25.2356565731 0 41 1
P 14.3302362431 5.41974770673 0 26 4
P 15.6697637569 24.5802522933 0 26 4
P 7.4589760071 22.5851396996 0 22 2
P 22.5410239929 7.41486030041 0 22 2
P 13.3896234105 1.99091529814 0 44 3
P 16.6103765895 28.0090847019 0 44 3
P 4.89249216137 11.6148580081 0 60 5
P 25.1075078386 18.3851419919 0 60 5
P 8.81089637715 8.0687806751 0 79 4
P 21.1891036229 21.9312193249 0 79 4
P 8.65321282771 4.86041304699 0 12 3
P 21.3467871723 25.139586953 0 12 3
P 3.36235685514 6.95377423767 0 69 1
P 26.6376431449 23.0462257623 0 69 1
