P 15 15 0 95 5
P 19.2855014112 26.2147445595 1 100 5
P 10.7144985888 3.78525544054 2 100 5
P 3.15834772224 19.5250622766 0 69 3
P 26.8416522778 10.4749377234 0 69 3
P 10.9735388503 4.82065810369 0 5 4
P 19.0264611497 25.1793418963 0 5 4
P 5.63944521477 10.0204426355 0 66 5
P 24.3605547852 19.9795573645 0 66 5
P 13.9286332038 12.9630126774 0 2 2
P 16.0713667962 17.0369873226 0 2 2
P 8.88831375925 21.5843526999 0 74 1
P 21.1116862408 8.41564730008 0 74 1
P 19.9275355982 15.0548292674 0 35 3
P 10.0724644018 14.9451707326 0 35 3
