P 15 15 0 31 4
P 25.0286022266 7.79499182704 1 100 5
P 4.97139777337 22.205008173 2 100 5
P 7.34006711463 4.33819113789 0 32 3
P 22.6599328854 25.6618088621 0 32 3
P 9.34987933159 7.13563519212 0 31 1
P 20.6501206684 22.8643648079 0 31 1
P 8.89502155499 9.13761801087 0 13 5
P 21.104978445 20.8623819891 0 13 5
P 10.112730119 20.5588878716 0 64 2
P 19.887269881 9.44111212838 0 64 2
P 19.3583935527 17.5567523877 0 16 4
P 10.6416064473 12.4432476123 0 16 4
P 10.2194812098 27.5109112535 0 58 3
P 19.7805187902 2.48908874654 0 58 3
P 15.2941751876 28.0551410782 0 40 3
P 14.7058248124 1.94485892181 0 40 3
P 21.3202757491 9.44905212756 0 45 5
P 8.67972425085 20.5509478724 0 45 5
P 25.633770637 22.2883779805 0 33 4
P 4.36622936304 7.71162201954 0 33 4
P 10.8519728294 25.1288251924 0 96 1
P 19.1480271706 4.87117480756 0 96 1
P 8.3295369982 23.2286057091 0 26 2
P 21.6704630018 6.77139429092 0 26 2
P 26.2093753602 6.69802901471 0 56 3
P 3.79062463976 23.3019709853 0 56 3
