P 15 15 0 82 0
P 4.99326882558 19.432196452 1 100 5
P 25.0067311744 10.567803548 2 100 5
P 7.38698843347 17.5797946503 0 63 1
P 22.6130115665 12.4202053497 0 63 1
P 18.4604436368 1.96627451747 0 28 2
P 11.5395563632 28.0337254825 0 28 2
P 17.8370828826 12.5177457081 0 25 5
P 12.1629171174 17.4822542919 0 25 5
P 10.4375066012 12.9903393191 0 84 1
P 19.5624933988 17.0096606809 0 84 1
P 27.7092014768 18.2792361579 0 20 2
P 2.29079852325 11.7207638421 0 20 2
P 11.0890564064 9.30955874774 0 99 1
P 18.9109435936 20.6904412523 0 99 1
P 16.6556879858 1.45277761215 0 4 2
P 13.3443120142 28.5472223878 0 4 2
P 4.67972465124 23.5324962508 0 43 2
P 25.3202753488 6.46750374917 0 43 2
P 28.1589690479 20.7696440695 0 95 3
P 1.8410309521 9.23035593051 0 95 3
