P 15 15 0 74 3
P 12.2698745067 1.46846143981 1 100 5
P 28.80221125 14.7652967254 2 100 5
P 21.8848498395 6.43986869595 0 46 5
P 20.1193418871 8.63497537845 0 69 4
P 18.2566081974 10.9509656092 0 72 5
P 17.0104122444 12.5003967858 0 14 5
P 23.8675677685 24.8642343809 0 20 2
P 3.46385697492 8.45368178631 0 20 2
P 18.146380407 5.69687702503 0 44 4
P 23.4121374345 9.93208617522 0 44 4
P 9.17266961829 23.7921438748 0 3 5
P 7.66178779998 22.5769528836 0 3 5
P 8.77494228148 5.54193267986 0 39 5
P 25.5728342419 19.0523520484 0 39 5
P 23.6151832734 14.8619720117 0 63 4
P 13.2876126056 6.55558385852 0 63 4
P 20.6919509585 13.4524303545 0 74 4
P 15.2911510823 9.10860724706 0 74 4
P 11.52615876 11.2208454709 0 46 4
P 19.4360991815 17.5827516271 0 46 4
P 21.9408760276 19.8959583015 0 8 4
P 8.72969387024 9.27030290854 0 8 4
