P 15 15 0 63 0
P 8.25380498218 25.971629914 1 100 5
P 2.12477970416 15.3413393062 2 100 5
P 24.2777710592 9.65078656423 0 50 5
P 22.1412375767 10.8826313185 0 62 2
P 17.8686562732 13.3460408129 0 67 1
P 16.3354993349 7.65083317094 0 20 1
P 22.0293329095 17.526319537 0 20 1
P 14.9027810333 11.4384333373 0 54 4
P 18.0335906586 16.868565315 0 54 4
P 5.11961932548 9.66313187938 0 99 5
P 14.668401941 26.2247105236 0 99 5
P 13.4954451282 17.1538563193 0 28 3
P 12.3821628429 15.2229596947 0 28 3
P 13.5144938961 23.8122857055 0 41 5
P 6.62927785258 11.8704443653 0 41 5
P 20.0321659889 17.3219633637 0 54 1
P 15.5117283973 9.48163589007 0 54 1
P 17.0088265867 1.01648808123 0 29 2
P 28.1082712259 20.2675625584 0 29 2
P 10.2319630174 0.848023748818 0 57 1
P 24.8586977298 26.2168929546 0 57 1
P 9.8045928368 13.5769346154 0 23 4
P 13.6285473688 20.2092694652 0 23 4
P 7.13576723673 17.1518192134 0 73 5
P 9.19757747071 20.7278596067 0 73 5
P 23.0880251822 13.0037806885 0 45 1
P 20.7798864083 9.00050368828 0 45 1
