P 15 15 0 11 3
P 14.1274001007 20.2738498517 1 100 5
P 17.9736525619 10.5578931481 2 100 5
P 18.324997963 16.3162658078 0 45 5
P 19.8812042523 16.9323206599 0 43 4
P 7.26147696952 14.0541139496 0 45 5
P 8.71089108374 10.3927721835 0 45 5
P 26.7695571231 15.1671723728 0 50 3
P 23.6948757629 22.934075683 0 50 3
P 2.36779863051 18.8158083985 0 20 5
P 8.4024690926 3.57172405393 0 20 5
P 9.7595238189 2.09068960763 0 49 2
P 2.34341375104 20.8244064018 0 49 2
P 21.274040789 11.6168821122 0 70 1
P 17.258357442 21.7608354608 0 70 1
P 5.28096907646 8.49905057373 0 38 2
P 3.46473219652 13.0870174497 0 38 2
P 8.2653952222 9.02060731709 0 43 5
P 5.99748312875 14.7495437115 0 43 5
