P 15 15 0 24 1
P 23.3678664716 4.82489370806 1 100 5
P 25.8761431232 22.4339416262 2 100 5
P 2.3772890012 12.5686021533 0 18 1
P 3.55822290674 20.859203478 0 18 1
P 5.89781654746 18.7152747469 0 66 4
P 5.22245762297 13.9740004319 0 66 4
P 20.1840797453 24.0657181018 0 67 3
P 17.4465680054 4.8473534238 0 67 3
P 16.6315052405 10.8263968935 0 84 4
P 17.7319678156 18.5520591345 0 84 4
P 11.8146645476 16.4598766498 0 80 1
P 11.5337278235 14.4875949108 0 80 1
P 21.5044821515 10.5397760813 0 16 3
P 22.491163232 17.4666493255 0 16 3
P 18.0559305447 26.3169474469 0 4 2
P 14.7744736581 3.27988272762 0 4 2
P 18.6064849123 10.4935257561 0 7 5
P 19.7213412922 18.3202379337 0 7 5
P 19.7707183934 19.6282649555 0 32 4
P 18.2886712988 9.22373549986 0 32 4
P 19.509109837 4.34714596179 0 99 1
P 22.304256385 23.9701287251 0 99 1
P 9.78257540729 25.6503044694 0 51 5
P 7.01631236982 6.23009484111 0 51 5
P 22.321193262 27.9511185037 0 6 1
P 18.4138025008 0.519761957696 0 6 1
