P 15 15 0 10 1
P 6.31785151101 10.4443592275 1 100 5
P 23.682148489 19.5556407725 2 100 5
P 12.0744168038 20.5755817885 0 81 2
P 17.9255831962 9.42441821148 0 81 2
P 4.93371822753 19.0960221267 0 13 1
P 25.0662817725 10.9039778733 0 13 1
P 18.9173037976 21.8517492727 0 95 4
P 11.0826962024 8.14825072733 0 95 4
P 13.2031164524 5.69726754766 0 97 3
P 16.7968835476 24.3027324523 0 97 3
P 24.8164914306 19.8140476424 0 92 5
P 5.18350856938 10.1859523576 0 92 5
P 23.5388189412 21.770403791 0 10 2
P 6.46118105876 8.22959620902 0 10 2
P 29.4941913024 16.9384356285 0 42 2
P 0.505808697599 13.0615643715 0 42 2
P 18.6908718554 11.592683254 0 77 4
P 11.3091281446 18.407316746 0 77 4
P 19.4733578316 23.0991876844 0 96 1
P 10.5266421684 6.90081231564 0 96 1
P 13.5104138249 3.44211085819 0 7 4
P 16.4895861751 26.5578891418 0 7 4
P 4.78114417479 14.261089664 0 26 2
P 25.2188558252 15.738910336 0 26 2
P 7.80563700207 7.50387458519 0 68 2
P 22.1943629979 22.4961254148 0 68 2
P 11.4619382357 6.13461222114 0 94 4
P 18.5380617643 23.8653877789 0 94 4
