P 15 15 0 18 0
P 3.86138156562 7.26029757346 1 100 5
P 9.447934397 27.3752325965 2 100 5
P 20.8101691241 13.386332507 0 22 2
P 28.3852469396 11.2824941217 0 53 1
P 22.4023881376 12.9441229931 0 99 3
P 13.7341445572 27.9952792776 0 97 2
P 7.21396179512 4.51871751281 0 97 2
P 2.12138566324 15.4686373413 0 36 2
P 3.72422008254 21.239800914 0 36 2
P 23.705151387 16.4076715684 0 98 3
P 21.7324637773 9.3048150687 0 98 3
P 17.8010534389 15.2282499338 0 19 3
P 17.28217502 13.359976958 0 19 3
P 15.4757366779 20.0374675284 0 3 5
P 12.8098499639 10.4386792148 0 3 5
P 4.27864079833 9.73993479675 0 47 3
P 8.52671903844 25.035559908 0 47 3
P 20.5416590532 21.2881074195 0 42 4
P 16.5052822898 6.75473437609 0 42 4
