P 15 15 0 59 1
P 23.8832640211 11.402882543 1 100 5
P 6.11673597888 18.597117457 2 100 5
P 13.0418100238 3.76101710226 0 54 1
P 16.9581899762 26.2389828977 0 54 1
P 6.04180328573 6.01771459307 0 19 3
P 23.9581967143 23.9822854069 0 19 3
P 22.3079317837 6.11697297823 0 74 2
P 7.69206821634 23.8830270218 0 74 2
P 20.1862746576 18.13278541 0 75 2
P 9.81372534237 11.86721459 0 75 2
P 13.9754318074 25.367007813 0 71 5
P 16.0245681926 4.63299218697 0 71 5
P 1.9018320796 8.37615353299 0 98 4
P 28.0981679204 21.623846467 0 98 4
P 7.28898629077 8.97583132868 0 32 1
P 22.7110137092 21.0241686713 0 32 1
