P 15 15 0 100 5
P 21.8841264862 10.0444236653 1 100 5
P 8.90801976976 9.09773677636 2 100 5
P 14.5711911615 20.8776236515 0 46 5
P 14.1773078835 26.2765274593 0 28 3
P 14.4018253908 23.1990969297 0 78 5
P 14.3100123701 24.4575653507 0 51 5
P 24.6235667047 3.98534620577 0 53 2
P 7.07700030648 2.70521613919 0 53 2
P 6.6447498628 25.7117156388 0 49 2
P 21.712081511 26.8109702638 0 49 2
P 14.9420552192 6.77909907469 0 61 5
P 16.2505110823 6.87455898708 0 61 5
P 12.6896478772 29.1751064785 0 72 3
P 15.2285161307 29.3603325514 0 72 3
P 28.188491477 13.1548280893 0 84 3
P 2.21896724363 11.260191382 0 84 3
P 10.5824816834 3.08899389164 0 5 2
P 21.0995028913 3.85627535022 0 5 2
P 11.3896923763 5.53686352214 0 94 1
P 19.9455563299 6.16106648266 0 94 1
P 11.6303860563 8.85585478676 0 37 5
P 19.2256936076 9.40997924283 0 37 5
P 5.42371259575 19.5414454313 0 19 4
P 23.8157411566 20.8832571688 0 19 4
