P 15 15 0 76 3
P 5.63345340495 10.475223071 1 100 5
P 24.3665465951 19.524776929 2 100 5
P 15.6260925342 27.0500669901 0 70 5
P 14.3739074658 2.94993300987 0 70 5
P 24.6796180075 11.4640562285 0 86 5
P 5.32038199247 18.5359437715 0 86 5
P 17.9377844953 20.7651027222 0 94 2
P 12.0622155047 9.23489727782 0 94 2
P 6.3831525507 16.3823299189 0 84 1
P 23.6168474493 13.6176700811 0 84 1
P 6.40778217473 18.9461522128 0 40 3
P 23.5922178253 11.0538477872 0 40 3
P 21.6479073871 16.3382976494 0 55 3
P 8.35209261286 13.6617023506 0 55 3
P 5.91236983039 7.5774475764 0 17 4
P 24.0876301696 22.4225524236 0 17 4
P 25.0642390047 23.1549390892 0 77 5
P 4.93576099533 6.84506091081 0 77 5
P 12.0074229458 18.3593337426 0 53 1
P 17.9925770542 11.6406662574 0 53 1
P 6.84482146992 3.66259314519 0 15 1
P 23.1551785301 26.3374068548 0 15 1
P 2.27205066582 9.33189532902 0 69 3
P 27.7279493342 20.668104671 0 69 3
