P 15 15 0 88 3
P 22.5613856645 8.34395032951 1 100 5
P 6.63151554269 9.39232505656 2 100 5
P 20.2131457869 20.7588580498 0 56 2
P 10.5865515232 21.3924023321 0 56 2
P 13.4803619223 29.298988734 0 69 3
P 18.380501284 28.9765013423 0 69 3
P 8.41220363558 11.1156348611 0 55 5
P 21.0219064147 10.2857665942 0 55 5
P 15.6271807239 8.60778452109 0 78 1
P 13.5404897031 8.74511358358 0 78 1
P 11.3373587035 7.21808004012 0 16 3
P 17.6111824966 6.80518789119 0 16 3
P 4.65807686031 21.0179588783 0 93 5
P 26.0414139445 19.610681229 0 93 5
P 13.1168691871 22.2447425212 0 26 1
P 17.8163566498 21.9354604085 0 26 1
P 18.8062204042 11.9607473372 0 49 5
P 10.82829574 12.485789571 0 49 5
P 17.8447693651 26.5979300526 0 70 2
P 13.6997467722 26.8707217889 0 70 2
