P 15 15 0 61 4
P 15.6949995584 2.11926026547 1 100 5
P 24.9103255395 6.74276509991 2 100 5
P 21.1850492502 2.67228604897 0 97 2
P 20.1149964933 4.80505876693 0 62 2
P 29.3239438807 15.9944301255 0 11 1
P 5.63998198365 4.1117346512 0 11 1
P 23.1599881375 21.0524580869 0 77 2
P 5.27003887129 12.0767292749 0 77 2
P 22.9678497898 5.44379251644 0 27 2
P 17.8975256694 2.89991418475 0 27 2
P 9.18308883681 13.9642215622 0 24 2
P 19.3076705038 19.043917319 0 24 2
P 10.9538384529 5.37868814688 0 88 1
P 25.1316782897 12.4919808467 0 88 1
P 16.8431286492 13.2587374062 0 41 3
P 15.2940563059 12.4815382618 0 41 3
P 1.46100647559 17.8997108962 0 36 5
P 20.7690524378 27.5869258719 0 36 5
P 20.5349575754 10.1012826541 0 27 5
P 15.6182467406 7.63447503816 0 27 5
P 10.8851551991 14.1586631558 0 82 1
P 18.1343038637 17.7956993241 0 82 1
P 14.3000440312 12.7618161844 0 42 5
P 17.212664308 14.2231333378 0 42 5
