P 15 15 0 99 5
P 22.7247169136 25.3361439631 1 100 5
P 17.1526914847 2.27706626629 2 100 5
P 22.4903579402 18.9990515362 0 43 3
P 19.8378363191 8.02194762048 0 43 3
P 20.3758248677 9.10921293004 0 39 1
P 22.4725183261 17.7860967637 0 39 1
P 2.46918847549 10.2889208068 0 100 3
P 6.00299156197 24.9130895181 0 100 3
P 17.9628702453 20.1985883227 0 11 5
P 15.2621711688 9.02210848896 0 11 5
P 20.8158650499 16.8358563106 0 53 2
P 19.3358630109 10.7110669599 0 53 2
P 15.0401663062 3.04712967226 0 87 4
P 20.493657634 25.6156699367 0 87 4
P 11.4035882617 2.44596559854 0 43 3
P 17.5328372228 27.8110379262 0 43 3
P 5.66886879376 4.55755335839 0 6 4
P 11.466683239 28.5510285262 0 6 4
P 22.1721190147 15.8834459465 0 18 1
P 20.9773600949 10.9390968742 0 18 1
P 25.8963081171 11.7639244 0 70 1
P 26.1716855815 12.9035369932 0 70 1
P 5.54635350053 20.4050469971 0 96 3
P 4.12139881014 14.5080636938 0 96 3
