P 15 15 0 22 5
P 7.33406995469 22.0716724864 1 100 5
P 22.6659300453 7.92832751362 2 100 5
P 12.4959822901 12.2855608581 0 32 2
P 17.5040177099 17.7144391419 0 32 2
P 10.7830154572 10.4286473858 0 3 3
P 19.2169845428 19.5713526142 0 3 3
P 7.22758480242 23.4690013638 0 42 1
P 22.7724151976 6.53099863621 0 42 1
P 12.6605443934 6.73110784616 0 79 5
P 17.3394556066 23.2688921538 0 79 5
P 18.534051191 0.794278153647 0 21 5
P 11.465948809 29.2057218464 0 21 5
P 27.6676280541 22.6581222115 0 32 5
P 2.33237194585 7.34187778847 0 32 5
P 2.17430076379 8.34901216674 0 40 2
P 27.8256992362 21.6509878333 0 40 2
P 7.32362106756 6.06562814333 0 59 1
P 22.6763789324 23.9343718567 0 59 1
