P 15 15 0 33 5
P 25.7000535088 24.0916304102 1 100 5
P 4.29994649119 5.90836958978 2 100 5
P 6.52333096926 24.976297772 0 81 3
P 23.4766690307 5.023702228 0 81 3
P 5.75416877063 25.8815343809 0 99 1
P 24.2458312294 4.11846561906 0 99 1
P 26.2221615948 11.4753616981 0 27 5
P 3.77783840515 18.5246383019 0 27 5
P 22.1526035044 25.0060811687 0 48 5
P 7.84739649565 4.99391883133 0 48 5
P 25.694595915 16.643707254 0 74 5
P 4.30540408501 13.356292746 0 74 5
P 12.54470871 13.5431619202 0 28 1
P 17.45529129 16.4568380798 0 28 1
P 29.522009265 12.1335054424 0 50 4
P 0.47799073502 17.8664945576 0 50 4
P 18.8055397534 1.79994818701 0 55 5
P 11.1944602466 28.200051813 0 55 5
P 10.5414161559 22.4933258284 0 23 1
P 19.4585838441 7.50667417162 0 23 1
P 17.9760032969 23.5554397062 0 62 3
P 12.0239967031 6.4445602938 0 62 3
P 13.5739335267 6.95023448998 0 97 1
P 16.4260664733 23.04976551 0 97 1
P 11.6236899699 20.5040457873 0 54 5
P 18.3763100301 9.49595421275 0 54 5
P 15.5768519906 3.64662800046 0 91 2
P 14.4231480094 26.3533719995 0 91 2
