P 15 15 0 38 2
P 20.7315522738 16.488064776 1 100 5
P 16.9416289539 20.5942028253 2 100 5
P 21.298438067 27.1778552373 0 13 1
P 27.6425179175 20.3044529377 0 13 1
P 8.86458535262 16.0715676012 0 75 5
P 15.5775111486 8.79854445371 0 75 5
P 23.961731966 10.5931295998 0 91 1
P 11.3238764877 24.2854328104 0 91 1
P 2.85519451945 13.544985488 0 33 4
P 12.5784729666 3.0104389481 0 33 4
P 7.37068227184 21.1971887296 0 6 3
P 20.5672564034 6.89954980966 0 6 3
P 23.9488367033 17.0817375008 0 94 4
P 17.7906740098 23.7537105239 0 94 4
P 9.95801806768 20.0247752991 0 94 3
P 19.6054965378 9.57235315695 0 94 3
P 1.66446455183 18.4865181358 0 22 4
P 17.4089628233 1.42836735994 0 22 4
P 22.2891812301 6.87420369012 0 98 1
P 7.48311284142 22.9156260725 0 98 1
P 22.8174188002 24.7254640968 0 53 3
P 25.3194472276 22.0146772923 0 53 3
