P 15 15 0 43 3
P 29.5790174071 16.7106281999 1 100 5
P 15.4273655296 29.6728100955 2 100 5
P 27.6355460067 17.1652524758 0 45 4
P 16.0504339388 27.7766165205 0 45 4
P 19.8484208066 1.65887297376 0 50 3
P 1.28554683256 18.6615063794 0 50 3
P 6.03356667301 22.8000545599 0 42 5
P 23.5552838523 6.75106698106 0 42 5
P 10.3539786018 28.8593286689 0 70 4
P 29.2129398445 11.5854946241 0 70 4
P 20.799893296 19.351971878 0 17 2
P 18.8273538161 21.1587161193 0 17 2
P 7.04335690285 9.55062618758 0 61 4
P 10.2683276397 6.59671962876 0 61 4
P 20.4159225362 27.4491008753 0 28 2
P 26.9270008019 21.4852896151 0 28 2
P 12.1597639209 3.47222799518 0 70 5
P 3.76523462478 11.1611830801 0 70 5
P 14.3043159976 3.06492992958 0 80 5
P 3.17170189051 13.2618292229 0 80 5
P 20.9633675705 11.9687583013 0 94 5
P 11.4581885979 20.6750111021 0 94 5
