P 15 15 0 96 4
P 17.8374093835 11.9367682154 1 100 5
P 10.8347069683 15.2908864658 2 100 5
P 10.246194397 5.0750410413 0 36 3
P 12.3825981416 9.53540843007 0 5 4
P 24.9018437951 4.98481665526 0 24 2
P 0.989915025204 16.4380288486 0 24 2
P 2.90575902797 19.6244434476 0 36 2
P 26.1838400118 8.47482839452 0 36 2
P 7.85111559212 3.90979309588 0 71 2
P 10.8394499277 2.47845614353 0 71 2
P 14.1670115617 21.3946570243 0 8 4
P 20.5047612101 18.3590344173 0 8 4
P 15.8450161838 20.2445053569 0 56 2
P 18.556821957 18.9456186278 0 56 2
P 28.5479516048 19.7757173593 0 56 4
P 10.2295061583 28.5497917876 0 56 4
P 9.37018942308 18.5197775482 0 37 1
P 21.2712711252 12.8194588756 0 37 1
P 12.6428497022 29.4288428273 0 7 1
P 27.720246122 22.2071493294 0 7 1
P 10.5039800851 8.05852215511 0 18 5
P 12.4093169942 7.14591371896 0 18 5
P 7.85983906827 2.56747912191 0 36 3
P 9.78806418258 1.64390781141 0 36 3
P 23.2253502553 3.54359165505 0 78 5
P 0.917731681374 14.2283796332 0 78 5
P 5.77241262392 20.7718635032 0 61 2
P 25.2811159926 11.4276854802 0 61 2
