P 15 15 0 86 4
P 15.5697988882 19.9877563672 1 100 5
P 20.0122353433 15.2826326505 2 100 5
P 6.04806144531 6.54784856386 0 10 2
P 12.582554397 12.7175204901 0 84 3
P 17.4192383144 20.5152645661 0 32 1
P 20.6450061233 17.0987527542 0 32 1
P 12.7117296413 26.4399161502 0 82 3
P 26.289749319 12.0590098487 0 82 3
P 9.0605165179 8.03143623084 0 57 5
P 7.70207692218 9.47020219274 0 57 5
P 9.3956001409 11.1771362733 0 22 5
P 10.861822162 9.6242145658 0 22 5
P 5.42208736601 9.86821173764 0 98 4
P 9.32703075292 5.73236377949 0 98 4
P 13.9757672845 2.23425838001 0 94 2
P 2.19651887353 14.7100296427 0 94 2
P 28.6064836147 16.5483195747 0 33 3
P 17.3265893364 28.4952092212 0 33 3
