P 15 15 0 42 0
P 17.683639121 23.2912514044 1 100 5
P 12.316360879 6.70874859565 2 100 5
P 9.47482988773 16.7883383268 0 26 5
P 20.5251701123 13.2116616732 0 26 5
P 4.50772922202 18.3960456576 0 64 3
P 25.492270778 11.6039543424 0 64 3
P 2.41991193347 13.8450828815 0 8 3
P 27.5800880665 16.1549171185 0 8 3
P 24.706164897 22.0353379096 0 50 4
P 5.293835103 7.96466209044 0 50 4
P 19.4087857845 7.22670442747 0 21 5
P 10.5912142155 22.7732955725 0 21 5
P 15.2202104701 29.6443494004 0 32 3
P 14.7797895299 0.355650599578 0 32 3
P 16.4452505386 8.79664088087 0 45 4
P 13.5547494614 21.2033591191 0 45 4
P 13.3531423391 19.3745325021 0 72 1
P 16.6468576609 10.6254674979 0 72 1
P 19.2589802934 10.9648164937 0 77 5
P 10.7410197066 19.0351835063 0 77 5
P 18.2352088245 3.50741493131 0 27 3
P 11.7647911755 26.4925850687 0 27 3
P 24.8601449859 8.44656540399 0 80 4
P 5.13985501409 21.553434596 0 80 4
P 21.9820026614 20.9472495289 0 5 4
P 8.01799733857 9.05275047109 0 5 4
