P 15 15 0 18 3
P 16.8112220642 16.0459872427 1 100 5
P 13.1887779358 13.9540127573 2 100 5
P 13.4678795703 17.653005901 0 21 4
P 16.5321204297 12.346994099 0 21 4
P 7.94016353888 22.9707095876 0 18 4
P 22.0598364611 7.02929041241 0 18 4
P 6.10312623548 25.9156324751 0 23 5
P 23.8968737645 4.08436752494 0 23 5
P 7.46022919711 17.1474456712 0 47 3
P 22.5397708029 12.8525543288 0 47 3
P 5.24929266704 17.5564917913 0 63 3
P 24.750707333 12.4435082087 0 63 3
P 17.7709327243 6.26969913434 0 27 1
P 12.2290672757 23.7303008657 0 27 1
P 18.159991034 19.8568938808 0 79 4
P 11.840008966 10.1431061192 0 79 4
P 26.5363796561 20.3697869785 0 47 4
P 3.46362034393 9.63021302147 0 47 4
P 1.79449870962 19.020707048 0 99 3
P 28.2055012904 10.979292952 0 99 3
P 22.5397940297 19.5037422829 0 97 1
P 7.46020597027 10.4962577171 0 97 1
P 7.19676644554 25.1114252783 0 97 2
P 22.8032335545 4.88857472169 0 97 2
P 8.54361878328 17.7329871928 0 7 5
P 21.4563812167 12.2670128072 0 7 5
P 21.7576570271 14.1130149132 0 56 1
P 8.24234297289 15.8869850868 0 56 1
