P 15 15 0 14 3
P 8.70652622407 21.1516979348 1 100 5
P 21.2934737759 8.84830206519 2 100 5
P 11.4956230612 11.4148590196 0 45 5
P 18.5043769388 18.5851409804 0 45 5
P 13.351880562 13.3138969805 0 24 1
P 16.648119438 16.6861030195 0 24 1
P 24.6986332664 21.0764740892 0 81 1
P 5.30136673361 8.92352591075 0 81 1
P 28.358350639 16.2553708945 0 94 5
P 1.64164936098 13.7446291055 0 94 5
P 6.45529287301 23.5049973958 0 50 3
P 23.544707127 6.49500260424 0 50 3
P 27.0020110713 7.0535008471 0 67 2
P 2.99798892869 22.9464991529 0 67 2
P 2.9623666311 8.26724191972 0 63 1
P 27.0376333689 21.7327580803 0 63 1
P 21.7214510245 23.7674962003 0 93 3
P 8.27854897546 6.23250379965 0 93 3
P 11.7255820091 6.67990762401 0 50 2
P 18.2744179909 23.320092376 0 50 2
P 6.29715615587 7.08957736187 0 12 4
P 23.7028438441 22.9104226381 0 12 4
P 9.69458541723 18.6917660591 0 85 4
P 20.3054145828 11.3082339409 0 85 4
P 24.3008773424 4.80300083845 0 41 4
P 5.6991226576 25.1969991616 0 41 4
