P 15 15 0 4 5
P 17.2106039499 4.743989807 1 100 5
P 12.7893960501 25.256010193 2 100 5
P 9.09240366806 10.5285135518 0 13 3
P 20.9075963319 19.4714864482 0 13 3
P 2.79498204979 22.6324022602 0 23 1
P 27.2050179502 7.3675977398 0 23 1
P 19.4128840706 23.6237766097 0 12 5
P 10.5871159294 6.3762233903 0 12 5
P 5.92721784081 8.03426945716 0 60 3
P 24.0727821592 21.9657305428 0 60 3
P 5.73846668099 12.9272839146 0 79 2
P 24.261533319 17.0727160854 0 79 2
P 25.5731742147 10.4615825765 0 91 5
P 4.42682578532 19.5384174235 0 91 5
P 7.67866362827 11.2922337321 0 68 1
P 22.3213363717 18.7077662679 0 68 1
