P 15 15 0 31 3
P 19.1883142788 27.1258739328 1 100 5
P 8.29600344087 4.06221113449 2 100 5
P 27.0347614758 9.31632503472 0 30 4
P 25.5340162535 10.0250842458 0 91 5
P 23.0777563766 11.1851058049 0 30 1
P 20.1179197329 12.5829523237 0 96 5
P 7.957786152 28.2404740006 0 32 4
P 0.30080167284 12.0273755399 0 32 4
P 11.9172989649 12.9579329983 0 1 5
P 14.6187255072 18.6780039522 0 1 5
P 9.73194667234 9.15130707199 0 22 2
P 16.1702617326 22.7839631491 0 22 2
P 20.7279366253 28.5569412638 0 9 3
P 8.1688774167 1.96406203354 0 9 3
P 3.68216319365 12.1915573756 0 18 4
P 9.97906411192 25.5247794636 0 18 4
