P 15 15 0 83 5
P 16.0197627871 1.23281853747 1 100 5
P 22.0037403608 26.8963365169 2 100 5
P 1.06584155359 18.2490359162 0 42 4
P 1.96114412961 12.9886938432 0 87 5
P 4.19543081212 22.5708915941 0 87 5
P 7.60818185459 3.60822991614 0 73 4
P 13.4090150462 28.4862955631 0 73 4
P 16.9949904221 4.09420220654 0 38 4
P 21.6128190969 23.8987097878 0 38 4
P 14.6405987887 23.6903267039 0 9 2
P 10.8339819762 7.36486795942 0 9 2
P 9.97989582661 2.20059038999 0 10 5
P 16.1587250332 28.699769654 0 10 5
P 4.53979321316 12.0747816506 0 77 3
P 6.912361909 22.250030243 0 77 3
P 11.2544815262 3.82158264805 0 44 2
P 16.5849070677 26.6822083836 0 44 2
P 5.95024261183 15.9786538337 0 56 4
P 6.45069126443 18.12493076 0 56 4
P 13.1105488845 11.6354564546 0 88 3
P 14.7935264079 18.8532515415 0 88 3
P 2.69962614595 10.8515282025 0 24 1
P 5.80300932035 24.1610249232 0 24 1
P 28.162911944 15.4208596727 0 61 1
P 26.6192767523 8.80066282065 0 61 1
