P 15 15 0 91 2
P 6.04628199903 21.7429542478 1 100 5
P 8.88130786704 5.60861540499 2 100 5
P 21.9439412034 16.2201462439 0 34 1
P 26.0823626317 16.9473239682 0 77 1
P 18.5927519728 15.6312960748 0 21 3
P 28.7687902796 17.4193663586 0 51 1
P 25.0328386387 16.762908127 0 8 5
P 7.12946699308 3.38431995868 0 44 3
P 3.64111147525 23.2368054559 0 44 3
P 13.1797342515 25.8859955353 0 94 4
P 16.9998292887 4.14555625534 0 94 4
P 18.8177541467 21.0990499539 0 85 3
P 20.6682451201 10.5677709532 0 85 3
P 21.3071717662 19.4512100728 0 35 2
P 22.4467915226 12.9655509789 0 35 2
P 26.8822006979 14.1137828842 0 68 3
P 25.8683292797 19.8837990202 0 68 3
P 14.7048648038 2.18918106628 0 87 2
P 10.355308458 26.9428232431 0 87 2
