P 15 15 0 54 1
P 0.734927555936 15.8475382676 1 100 5
P 15.2437009014 0.711850266038 2 100 5
P 24.3611384965 23.9734035669 0 84 4
P 23.0695445961 22.735307013 0 22 1
P 10.2307553006 22.2602455686 0 38 5
P 22.0521267536 9.92808034663 0 38 5
P 18.2566091677 25.0087046086 0 46 3
P 25.1374348082 17.8305629692 0 46 3
P 18.5419979742 12.7330360757 0 84 3
P 12.8848067164 18.634670887 0 84 3
P 12.9614102923 24.5624786583 0 95 5
P 24.4677444869 12.5589632497 0 95 5
P 16.3181885014 20.5542970504 0 92 5
P 20.6050597957 16.0821928368 0 92 5
P 4.75416282424 12.6031441496 0 6 4
P 12.1721273018 4.86465425342 0 6 4
P 5.18392497675 10.9168723637 0 13 3
P 10.5055320486 5.3653221128 0 13 3
P 2.98895569465 6.37191797009 0 41 2
P 5.87184513614 3.36446075159 0 41 2
P 13.9291891556 10.8487892277 0 70 4
P 10.8072303435 14.1056458488 0 70 4
P 14.1184689767 24.4399400783 0 34 5
P 24.3942320402 13.7201679788 0 34 5
P 15.7347876415 19.4934428295 0 86 4
P 19.5204897998 15.5441629441 0 86 4
P 8.32937315072 11.7331030675 0 8 4
P 11.4540120381 8.47345056676 0 8 4
