P 15 15 0 44 2
P 17.4491863814 5.42415495408 1 100 5
P 22.4278604913 21.520905673 2 100 5
P 6.75622180559 17.5497745341 0 77 4
P 15.827467685 19.7188329351 0 48 1
P 13.0187988426 10.6380131806 0 48 1
P 10.3020715974 26.1241203438 0 98 2
P 4.84195122675 8.47078643182 0 98 2
P 17.767691571 28.8202965726 0 78 1
P 9.48168098631 2.03046379974 0 78 1
P 14.2100581773 18.2641109692 0 50 1
P 12.5051389109 12.751868187 0 50 1
P 25.2944753981 7.83395919891 0 91 4
P 27.5426408373 15.1025929456 0 91 4
P 16.716416034 28.9074882235 0 17 2
P 8.5647562118 2.55203028304 0 17 2
P 26.726112331 19.7192286058 0 88 5
P 22.014057712 4.48449604405 0 88 5
P 8.90653003705 17.834174983 0 65 5
P 8.37046742606 16.1010094798 0 65 5
