P 15 15 0 76 4
P 13.571887082 22.7533377354 1 100 5
P 21.7501329652 10.9269842257 2 100 5
P 4.18438135433 7.52070483177 0 18 4
P 10.2639024493 11.7248594197 0 2 2
P 21.473236378 20.8518238047 0 45 4
P 22.7601031218 18.9909185142 0 45 4
P 13.1353558199 5.48952433036 0 24 3
P 5.44353669835 16.6124684633 0 24 3
P 13.4157227955 3.87114686272 0 66 1
P 4.02830364684 17.4460550987 0 66 1
P 20.5446054061 26.4462717112 0 97 5
P 27.6666294775 16.1472937181 0 97 5
P 15.7035089017 6.26265127314 0 47 4
P 7.07342250448 18.742399866 0 47 4
P 16.8950724037 6.10711252457 0 72 2
P 7.34850345576 19.9121632403 0 72 2
P 18.1811696536 23.3253812859 0 62 2
P 23.9123732894 15.037633375 0 62 2
P 16.4195641253 22.6879955805 0 85 1
P 22.694192203 13.614415396 0 85 1
P 8.53005381667 21.5291958039 0 77 3
P 18.8250860731 6.64181132099 0 77 3
P 19.6488460965 20.5832623494 0 38 2
P 21.8648420561 17.3787669149 0 38 2
P 26.2895620785 11.6916320264 0 58 3
P 15.8896759061 26.7306430921 0 58 3
