P 15 15 0 84 2
P 4.15339220527 23.8833481355 1 100 5
P 28.9669406887 13.7804334587 2 100 5
P 16.2921883173 18.1737155551 0 99 2
P 17.583719476 21.3458170771 0 46 4
P 18.2396583937 22.9568543527 0 90 1
P 8.49384411105 12.5173793958 0 28 2
P 17.9216585915 8.67881493779 0 28 2
P 8.21740003762 5.16717662443 0 29 4
P 12.9852805672 3.2259190001 0 29 4
P 16.1191267037 27.0235217616 0 5 4
P 22.5977223182 24.3857410846 0 5 4
P 23.367955524 3.64100917351 0 19 3
P 1.07751513847 12.7166324151 0 19 3
P 20.0047446813 23.2124737506 0 66 5
P 17.1551177801 24.3727083483 0 66 5
P 17.3739391305 12.1919955931 0 88 3
P 11.3397885727 14.6488190609 0 88 3
P 19.6833704661 9.40146712861 0 86 4
P 7.73794599514 14.26508445 0 86 4
P 11.5300543926 26.1651407995 0 68 1
P 25.2820681764 20.5659649305 0 68 1
