P 15 15 0 62 5
P 20.0893757113 13.6229286805 1 100 5
P 9.91062428872 16.3770713195 2 100 5
P 21.6865883062 26.6936603312 0 44 1
P 8.3134116938 3.30633966877 0 44 1
P 27.5051237974 19.6372620882 0 47 4
P 2.49487620256 10.3627379118 0 47 4
P 7.29236249534 23.7222384878 0 3 3
P 22.7076375047 6.27776151215 0 3 3
P 6.90824231622 4.56009419578 0 26 2
P 23.0917576838 25.4399058042 0 26 2
P 24.9948415917 14.7876733777 0 14 1
P 5.00515840826 15.2123266223 0 14 1
P 12.5825571235 26.1635457478 0 74 5
P 17.4174428765 3.83645425219 0 74 5
P 9.4273781469 17.3580798385 0 42 3
P 20.5726218531 12.6419201615 0 42 3
P 13.5779560354 21.5968601919 0 40 4
P 16.4220439646 8.40313980806 0 40 4
P 12.2959663804 10.9041527513 0 72 5
P 17.7040336196 19.0958472487 0 72 5
P 3.18136807164 21.5780225584 0 93 5
P 26.8186319284 8.42197744156 0 93 5
P 14.4024771185 26.6541553358 0 3 5
P 15.5975228815 3.3458446642 0 3 5
P 12.8784954105 28.2367148484 0 92 4
P 17.1215045895 1.76328515159 0 92 4
