P 15 15 0 64 5
P 25.0659067685 22.4323051179 1 100 5
P 4.93409323154 7.56769488208 2 100 5
P 26.001226995 6.35462661934 0 55 5
P 3.99877300502 23.6453733807 0 55 5
P 24.7385535194 4.36965633933 0 67 2
P 5.26144648056 25.6303436607 0 67 2
P 23.5505865476 13.2342993765 0 48 1
P 6.44941345238 16.7657006235 0 48 1
P 2.32850246767 22.808540622 0 93 5
P 27.6714975323 7.19145937799 0 93 5
P 21.1338354671 20.0553581452 0 44 3
P 8.86616453286 9.9446418548 0 44 3
P 22.7795906963 9.26541178668 0 75 2
P 7.22040930367 20.7345882133 0 75 2
P 17.8676296592 9.43421429046 0 15 3
P 12.1323703408 20.5657857095 0 15 3
P 14.7822621245 20.8092010703 0 84 5
P 15.2177378755 9.19079892969 0 84 5
P 27.5531295123 21.6659746096 0 7 1
P 2.44687048768 8.33402539041 0 7 1
P 17.5258679555 5.15718511042 0 70 4
P 12.4741320445 24.8428148896 0 70 4
P 21.8127526065 13.4399110048 0 89 2
P 8.18724739355 16.5600889952 0 89 2
