P 15 15 0 37 2
P 12.3877697492 4.6430039521 1 100 5
P 25.0266892287 11.3180688315 2 100 5
P 8.60982449266 27.0994949347 0 45 5
P 11.5166791982 21.5955031046 0 51 4
P 5.64717142395 17.1363267269 0 6 1
P 18.5088217219 23.9290237082 0 6 1
P 14.0442980906 9.62645934978 0 87 3
P 19.9768644872 12.7596595939 0 87 3
P 24.827758224 25.1769658393 0 40 1
P 1.05380807541 12.621093485 0 40 1
P 9.99577175482 22.3868477661 0 74 4
P 11.7206079077 23.2977953551 0 74 4
P 21.0369448726 24.5048060838 0 84 1
P 3.74624798405 15.3729713784 0 84 1
