P 15 15 0 33 1
P 6.35574823848 16.1165578421 1 100 5
P 23.6442517615 13.8834421579 2 100 5
P 13.7592490428 5.39426060779 0 67 2
P 16.2407509572 24.6057393922 0 67 2
P 15.0439409357 19.8273049349 0 37 1
P 14.9560590643 10.1726950651 0 37 1
P 6.30403780828 7.24162171458 0 54 1
P 23.6959621917 22.7583782854 0 54 1
P 17.3925854151 26.3875930717 0 89 2
P 12.6074145849 3.61240692833 0 89 2
P 22.9485774286 10.2147482251 0 52 2
P 7.05142257138 19.7852517749 0 52 2
P 21.1699451344 7.18837664962 0 6 3
P 8.83005486565 22.8116233504 0 6 3
P 17.3249024077 15.4084570579 0 6 1
P 12.6750975923 14.5915429421 0 6 1
P 11.987335789 18.4968623684 0 24 1
P 18.012664211 11.5031376316 0 24 1
P 26.9001793316 9.07582080708 0 84 5
P 3.09982066838 20.9241791929 0 84 5
P 29.5013642225 16.9812570471 0 98 5
P 0.498635777536 13.0187429529 0 98 5
P 9.48866833935 21.1170809533 0 32 3
P 20.5113316607 8.88291904674 0 32 3
P 18.126005845 28.948799631 0 38 5
P 11.873994155 1.05120036898 0 38 5
