P 15 15 0 88 5
P 4.37228825309 9.41525635467 1 100 5
P 25.6277117469 20.5847436453 2 100 5
P 3.91905101684 17.9991724162 0 95 1
P 26.0809489832 12.0008275838 0 95 1
P 22.7153820578 3.38284559303 0 17 3
P 7.28461794218 26.617154407 0 17 3
P 11.8889948382 2.65432786938 0 93 4
P 18.1110051618 27.3456721306 0 93 4
P 16.7960953803 0.895826174424 0 8 4
P 13.2039046197 29.1041738256 0 8 4
P 8.34221988311 17.6598854784 0 2 5
P 21.6577801169 12.3401145216 0 2 5
P 12.2861706143 8.80078457288 0 16 1
P 17.7138293857 21.1992154271 0 16 1
