P 15 15 0 19 2
P 9.02996720722 1.79500650783 1 100 5
P 24.9375681739 4.45211473969 2 100 5
P 16.9537815649 3.30308184732 0 37 4
P 17.1701406059 2.00778147205 0 100 2
P 17.4372573832 0.408604195866 0 70 5
P 15.9680949849 9.20419968882 0 24 2
P 16.766303044 4.42548004886 0 35 5
P 28.9057230714 17.7409089099 0 42 1
P 0.958367685984 13.0727538431 0 42 1
P 23.6557435583 12.3959447077 0 63 4
P 7.66046076906 9.72419064122 0 63 4
P 10.5948299346 22.851144442 0 48 4
P 16.6144077856 23.8566178565 0 48 4
P 14.4624538988 25.6814957495 0 60 3
P 12.0368772038 25.276342275 0 60 3
