P 15 15 0 100 4
P 22.0217575509 9.49660725375 1 100 5
P 20.8888234158 21.7018034588 2 100 5
P 27.1374541358 16.1266460508 0 44 4
P 14.2464414843 18.16486277 0 17 3
P 14.8418469723 11.7505085922 0 17 3
P 22.5810680615 13.9168852158 0 7 4
P 22.2521827061 17.4599952412 0 7 4
P 4.53888455416 19.617208109 0 96 2
P 5.5674684791 8.53618563077 0 96 2
P 18.4412211222 20.1120350696 0 41 3
P 19.3233575905 10.6087035503 0 41 3
P 13.124544418 23.5949684961 0 95 5
P 14.738593526 6.206679595 0 95 5
P 18.3173176411 28.6778264418 0 98 2
P 20.7782069439 2.16645578899 0 98 2
P 22.0866613732 26.778858225 0 94 3
P 24.1336224161 4.72677207189 0 94 3
P 13.1662266279 27.0110441658 0 9 1
P 15.4083329852 2.85664087223 0 9 1
P 29.6883410417 14.0741796367 0 66 2
P 29.266977369 18.6135664731 0 66 2
