P 15 15 0 33 1
P 11.947197285 25.9031679266 1 100 5
P 16.6399081135 26.2030967429 2 100 5
P 13.5157210507 16.5530286955 0 2 5
P 16.2744896425 16.7293519825 0 2 5
P 16.4140970641 11.7481407861 0 18 4
P 14.0113950302 11.5945750533 0 18 4
P 15.2400407789 21.0890483604 0 64 1
P 13.9867309434 21.0089446103 0 64 1
P 14.6644286224 0.558765230061 0 94 1
P 17.1713181766 0.718989979494 0 94 1
P 8.06279146939 17.4956700813 0 89 2
P 21.5630450673 18.358522115 0 89 2
P 3.18833990577 8.71950285224 0 82 2
P 27.5151064344 10.2743180873 0 82 2
P 16.365706371 24.4622765822 0 51 5
P 12.4407873622 24.2114202316 0 51 5
