P 15 15 0 64 0
P 9.30266797196 4.57686483662 1 100 5
P 19.5592550203 25.9687981353 2 100 5
P 27.9740788608 8.77944165448 0 63 5
P 25.6642983777 9.88689016119 0 9 2
P 17.7760058972 1.73439010665 0 24 1
P 27.0812553632 21.1421399718 0 24 1
P 25.2568342893 4.60049655165 0 93 2
P 29.5308783736 13.5147743261 0 93 2
P 21.8179629695 4.65473655064 0 27 4
P 27.3352640926 16.1620476139 0 27 4
P 23.2909663503 4.16084836949 0 39 1
P 28.6426945074 15.3228276155 0 39 1
P 18.9512829722 14.7567244955 0 83 4
P 17.6638601685 12.0715756626 0 83 4
P 19.4217932815 22.5388571396 0 19 5
P 11.8908673143 6.83177395406 0 19 5
P 19.1231253342 6.08082642046 0 60 5
P 24.535931755 17.3701952297 0 60 5
P 13.0803989294 12.9526108148 0 75 3
P 15.3943188996 17.7787017384 0 75 3
P 5.27203099104 5.65578839264 0 37 3
P 16.1941632485 28.4358343894 0 37 3
P 25.8643300281 17.048415814 0 23 3
P 20.2058174662 5.24658322358 0 23 3
P 11.8423346172 29.2363819568 0 83 3
P 1.92286369308 8.54756418864 0 83 3
P 22.9544363953 17.8349183201 0 55 1
P 17.770499892 7.02289835867 0 55 1
