P 15 15 0 12 4
P 24.3393577723 3.67472818223 1 100 5
P 27.7090332516 7.65385412911 2 100 5
P 23.6670740099 7.66039146337 0 87 4
P 20.810831981 10.0791660526 0 21 4
P 26.3948683213 5.35039129599 0 57 3
P 18.4482527684 22.244406372 0 12 2
P 8.42259669992 10.4054775368 0 12 2
P 20.9823260802 24.2648314857 0 65 3
P 6.84721381435 7.57319683856 0 65 3
P 0.424229318876 12.3234450567 0 60 2
P 15.2389089205 29.8175557985 0 60 2
P 15.5212663068 27.6657020297 0 28 5
P 2.59319862339 12.3994219743 0 28 5
P 6.51997922918 10.0926416751 0 92 3
P 18.4433948751 24.1725650577 0 92 3
P 4.60645114961 12.4817655261 0 97 4
P 15.7716926652 25.6663889392 0 97 4
P 19.615787076 19.1740831004 0 35 2
P 11.6433038987 9.75967068376 0 35 2
P 4.59351661039 18.2961627645 0 78 5
P 10.0345978559 24.7213356621 0 78 5
