P 15 15 0 61 0
P 4.54150288593 20.7159695182 1 100 5
P 5.01573329012 8.49101484995 2 100 5
P 3.73776645666 14.5631154707 0 9 3
P 2.67532010571 14.5219010551 0 65 3
P 1.15458911985 14.4629088634 0 95 5
P 2.68254615992 7.02600182969 0 58 1
P 2.10183647532 21.9958340184 0 58 1
P 7.68104590513 23.8308687778 0 46 3
P 8.38714482619 5.62868851952 0 46 3
P 7.39020787264 12.2394060773 0 86 1
P 7.1992200926 17.1627870594 0 86 1
P 26.3554815304 11.0436747612 0 32 1
P 26.0148706856 19.8241158737 0 32 1
P 25.5836219231 7.74804638555 0 31 4
P 24.9900267801 23.0500465322 0 31 4
