P 15 15 0 19 2
P 17.0537607334 2.92312536072 1 100 5
P 10.2932853919 3.69001893014 2 100 5
P 13.7972425894 4.39720954682 0 69 4
P 14.3209203429 9.0136396241 0 69 3
P 13.3936709495 0.839563181981 0 85 3
P 14.7348965524 12.6630064565 0 51 3
P 11.2207702757 1.57000789963 0 11 5
P 15.6749744171 1.0647327022 0 11 5
P 9.11866540907 22.2595843092 0 6 4
P 22.3579919071 20.7577440033 0 6 4
P 16.0313960206 7.92752739429 0 51 5
P 12.4106248479 8.33825977455 0 51 5
P 21.6477291505 22.8816506429 0 11 5
P 10.2866216519 24.1704298843 0 11 5
P 18.798727128 24.6189198639 0 50 4
P 13.4523691036 25.2253990509 0 50 4
P 3.97792390546 9.66868280249 0 59 4
P 24.5478336702 7.33527712829 0 59 4
