P 15 15 0 13 2
P 23.6455587022 18.0025481241 1 100 5
P 6.35444129776 11.9974518759 2 100 5
P 12.1028208455 23.342158532 0 19 2
P 17.8971791545 6.65784146797 0 19 2
P 11.5876895474 24.8254313033 0 21 5
P 18.4123104526 5.17456869668 0 21 5
P 29.1927053035 18.9050442421 0 51 4
P 0.807294696506 11.0949557579 0 51 4
P 20.1580747967 11.480284707 0 36 2
P 9.84192520327 18.519715293 0 36 2
P 11.2705858557 8.30389953064 0 91 2
P 18.7294141443 21.6961004694 0 91 2
P 7.81175155862 3.02634919309 0 84 3
P 22.1882484414 26.9736508069 0 84 3
P 21.9448273165 13.8003741959 0 21 2
P 8.05517268351 16.1996258041 0 21 2
P 5.83317619822 17.7337855453 0 86 1
P 24.1668238018 12.2662144547 0 86 1
P 4.60507788413 24.2935377761 0 100 3
P 25.3949221159 5.70646222392 0 100 3
