P 15 15 0 87 1
P 1.29641887464 11.1166648157 1 100 5
P 18.8521035139 28.7123931657 2 100 5
P 7.54391242522 22.4391192852 0 31 5
P 5.87611132698 24.1031248631 0 19 2
P 4.47448155689 25.5015648558 0 11 2
P 6.74003117296 23.2411710941 0 41 1
P 15.3945418486 6.48284744055 0 91 5
P 23.5180293591 14.6248642532 0 91 5
P 1.4523365471 9.16005968198 0 20 5
P 20.8090588048 28.5609337346 0 20 5
P 28.6402812194 14.6387508116 0 24 4
P 15.3923256226 1.36057723632 0 24 4
P 15.3341201506 17.924914091 0 43 2
P 12.0758547441 14.6592167306 0 43 2
P 9.78109126697 10.7505371691 0 23 1
P 19.2375612867 20.2285769628 0 23 1
P 3.38716790368 15.2985864479 0 58 2
P 14.6749561994 26.6121216706 0 58 2
