P 15 15 0 18 5
P 11.2985834732 29.1871506565 1 100 5
P 28.1570240242 21.4705831949 2 100 5
P 6.18796448748 14.906172503 0 81 2
P 20.6881463325 8.26904428973 0 81 2
P 12.6656966247 21.5055609991 0 94 4
P 21.4495136985 17.4849686545 0 94 4
P 16.5424522116 0.840368913799 0 7 3
P 3.2748098923 6.91333021197 0 7 3
P 15.6559201168 9.37993950348 0 86 3
P 10.3176201183 11.8234248273 0 86 3
P 6.95669217288 23.3348810753 0 23 2
P 26.56524192 14.359513722 0 23 2
P 2.76946793318 19.6927504412 0 23 3
P 26.5451812952 8.80995878844 0 23 3
P 25.0541825598 10.4841059409 0 49 2
P 5.01104454398 19.6583961829 0 49 2
P 13.2153442388 6.37682102697 0 100 5
P 9.63968038594 8.01349977299 0 100 5
