P 15 15 0 91 1
P 18.7774836359 4.24190725328 1 100 5
P 11.2225163641 25.7580927467 2 100 5
P 25.4160423832 18.0754543446 0 66 4
P 4.58395761679 11.9245456554 0 66 4
P 18.515664105 22.5313067171 0 4 2
P 11.484335895 7.46869328287 0 4 2
P 19.8094519662 28.9236389044 0 98 3
P 10.1905480338 1.07636109563 0 98 3
P 18.0682482019 24.1160783603 0 58 5
P 11.9317517981 5.88392163966 0 58 5
P 14.6392270124 22.0358603869 0 51 4
P 15.3607729876 7.96413961308 0 51 4
P 20.2100596392 5.17493815028 0 40 1
P 9.78994036085 24.8250618497 0 40 1
P 16.9324140545 0.802887416536 0 92 3
P 13.0675859455 29.1971125835 0 92 3
