P 15 15 0 21 0
P 2.2912055196 7.59384814341 1 100 5
P 27.7087944804 22.4061518566 2 100 5
P 9.74143566951 24.0235812919 0 80 1
P 20.2585643305 5.97641870808 0 80 1
P 11.4910822602 21.0212260384 0 83 5
P 18.5089177398 8.97877396156 0 83 5
P 6.76228375178 9.6751496233 0 25 1
P 23.2377162482 20.3248503767 0 25 1
P 17.3515759558 11.2814351934 0 70 5
P 12.6484240442 18.7185648066 0 70 5
P 25.6243535776 19.7198655122 0 75 2
P 4.37564642244 10.2801344878 0 75 2
P 21.4971652806 22.8824403871 0 21 5
P 8.50283471941 7.11755961293 0 21 5
P 4.32927536898 15.6179520486 0 11 1
P 25.670724631 14.3820479514 0 11 1
P 1.19219671338 15.5599700389 0 21 1
P 28.8078032866 14.4400299611 0 21 1
