P 15 15 0 52 2
P 18.9101655899 3.60311937895 1 100 5
P 16.3317378773 26.9751725272 2 100 5
P 6.08125623405 14.0160754837 0 64 3
P 0.592857624715 13.4105899929 0 40 3
P 2.18837893196 13.5866094606 0 21 5
P 5.76932628711 6.26848320139 0 52 1
P 4.08793891758 21.5093506382 0 52 1
P 22.2371946577 7.30933253 0 12 5
P 20.3866692913 24.0833444608 0 12 5
P 18.9166937283 19.1825395382 0 64 5
P 19.7342492308 11.7718409317 0 64 5
P 21.373154624 3.64201490235 0 51 3
P 18.7439739075 27.4741165908 0 51 3
P 6.86707459606 16.6215707111 0 99 5
P 7.41614561323 11.6445388041 0 99 5
P 20.8250815841 6.26800939839 0 83 2
P 18.7815189113 24.7918001436 0 83 2
P 17.8102609741 17.7855184679 0 70 3
P 18.3498897501 12.8940753719 0 70 3
P 18.2261246891 9.57214553322 0 42 4
P 16.9653285729 21.0005806571 0 42 4
P 14.0303268052 7.55762578829 0 39 2
P 12.4312914779 22.0520164875 0 39 2
P 13.1582207649 1.68983536902 0 97 3
P 10.3010454856 27.5885845005 0 97 3
P 21.714594462 10.452350438 0 39 4
P 20.5617798993 20.9019911624 0 39 4
