P 15 15 0 65 4
P 19.3561553141 5.74575196772 1 100 5
P 25.00754882 12.8866703099 2 100 5
P 2.95715048389 6.15816680551 0 6 3
P 20.8382830712 28.7521885345 0 6 3
P 1.0729195048 19.3378986457 0 47 5
P 7.57822716432 27.5577953382 0 47 5
P 24.0222064833 19.4378624183 0 73 1
P 12.7538345871 5.19951156279 0 73 1
P 19.5681836538 24.7118562454 0 7 1
P 6.59756835418 8.32260559331 0 7 1
P 12.0742294722 27.633838868 0 61 2
P 2.03192533645 14.944707643 0 61 2
P 27.4059748792 17.8032755723 0 23 5
P 15.1221554457 2.28183799902 0 23 5
P 8.37122116351 10.1735937562 0 42 3
P 18.1742354704 22.5603660805 0 42 3
P 6.47601622504 23.1963192424 0 86 2
P 5.06446405588 21.4127275026 0 86 2
P 26.9943597892 22.434293775 0 62 3
P 10.5204587554 1.61840439543 0 62 3
