P 15 15 0 79 0
P 12.258245232 21.1931302411 1 100 5
P 9.59364798727 10.9203628463 2 100 5
P 5.57418661669 17.4449104516 0 31 2
P 4.18815423545 17.8044258502 0 67 2
P 11.7708298978 15.8375968643 0 89 2
P 1.70928628274 18.4474059219 0 62 4
P 9.17760717089 3.40326736002 0 22 2
P 15.5484656113 27.9647079278 0 22 2
P 20.9253989785 19.7042852319 0 23 3
P 17.8917408249 8.00868484488 0 23 3
P 5.12494910595 15.6154354356 0 14 5
P 6.07083446395 19.2620879584 0 14 5
P 12.204842878 8.96181586891 0 64 4
P 15.4922094629 21.635533195 0 64 4
P 8.08832693604 18.33725889 0 22 5
P 7.33760825847 15.4430284885 0 22 5
