P 15 15 0 20 3
P 20.5359150587 26.3792805313 1 100 5
P 6.54859284071 5.58150235043 2 100 5
P 25.9002868972 7.66912918417 0 93 3
P 20.8618807906 19.7465385325 0 27 5
P 12.8145368587 7.78092628506 0 27 5
P 2.5645538129 7.48326398433 0 37 1
P 17.2721188057 29.3519726287 0 37 1
P 23.6099544496 22.929067345 0 94 1
P 10.9033348107 4.03556846377 0 94 1
P 9.09468539562 2.50989139257 0 70 3
P 24.3409107975 25.1795353074 0 70 3
P 9.78452994738 24.2389023957 0 4 5
P 4.47640323031 16.3462378601 0 4 5
P 26.9231344994 11.6131291368 0 99 3
P 22.6332238709 5.23445219819 0 99 3
P 14.3603326716 7.28223429523 0 93 2
P 21.9066985311 18.5029412162 0 93 2
P 18.5104164213 15.7725825957 0 54 2
P 15.6082996375 11.4574191796 0 54 2
P 10.0344243968 21.9598030657 0 94 4
P 6.68146589173 16.9742821667 0 94 4
P 25.24192586 13.521533353 0 40 2
P 20.2317128011 6.07183724865 0 40 2
P 8.49617521799 10.0844863465 0 91 1
P 17.099873843 22.8773435317 0 91 1
P 18.7308743929 22.6330909381 0 58 1
P 9.33747215811 8.66602183104 0 58 1
P 29.2177517526 15.605034494 0 82 2
P 19.8013989243 1.60384010222 0 82 2
