P 15 15 0 17 4
P 14.4672227704 11.9210282475 1 100 5
P 14.7867787231 18.1174437149 2 100 5
P 6.9810811011 15.4135444567 0 75 4
P 0.851348962704 15.7296614767 0 77 2
P 4.12141721263 15.5610204648 0 19 4
P 10.3891026499 15.2377890416 0 42 1
P 9.3591093196 15.2909069291 0 43 5
P 19.5335868918 27.848764815 0 32 2
P 18.1878014231 1.75303470738 0 32 2
P 20.7976886238 18.7020781178 0 50 2
P 20.386103982 10.7211614118 0 50 2
P 7.94928812187 18.2051395156 0 26 2
P 7.65698423464 12.537160831 0 26 2
P 14.3975325613 5.48064789303 0 32 4
P 15.3799711984 24.5308264825 0 32 4
P 25.1694492064 20.6909325369 0 59 4
P 24.5300814788 8.29314102513 0 59 4
P 8.41447246303 6.44645273231 0 62 5
P 9.32930051518 24.1856143591 0 62 5
P 19.704143562 16.2771772594 0 92 5
P 19.547806409 13.245689517 0 92 5
