P 15 15 0 73 0
P 3.66709988435 24.4664452846 1 100 5
P 15.568641725 29.7555026328 2 100 5
P 10.4161465764 25.3146779703 0 97 5
P 9.27589860154 27.8804865989 0 7 1
P 9.81586006862 26.6654545866 0 7 2
P 11.5097517052 22.8538259997 0 14 2
P 13.1113078405 19.2499725906 0 88 3
P 9.5753749959 23.4363360331 0 29 4
P 12.373737375 24.6799311321 0 29 4
P 6.70029371898 6.02092353625 0 84 4
P 27.2265507363 15.1428131167 0 84 4
P 2.44618271277 18.1211789392 0 57 4
P 21.0964278638 26.4093669304 0 57 4
P 1.96132368746 10.5474248264 0 90 3
P 27.0427470457 21.6936349806 0 90 3
