P 15 15 0 39 0
P 9.55253993908 16.912805522 1 100 5
P 20.4474600609 13.087194478 2 100 5
P 23.5944331438 24.8116911482 0 46 1
P 6.40556685623 5.1883088518 0 46 1
P 3.45483240633 19.0108004278 0 92 3
P 26.5451675937 10.9891995722 0 92 3
P 10.1329337792 28.3140933842 0 22 5
P 19.8670662208 1.68590661578 0 22 5
P 12.7864210334 27.9410963449 0 38 4
P 17.2135789666 2.05890365511 0 38 4
P 7.17277599659 5.86684748772 0 22 4
P 22.8272240034 24.1331525123 0 22 4
P 5.70474837915 10.9103393366 0 45 2
P 24.2952516209 19.0896606634 0 45 2
P 25.8667848132 24.5453449704 0 90 3
P 4.13321518676 5.4546550296 0 90 3
P 24.6564018583 25.4030361906 0 83 5
P 5.34359814174 4.59696380942 0 83 5
