P 15 15 0 5 3
P 12.411770747 2.91023037908 1 100 5
P 5.64466400701 6.91673651233 2 100 5
P 9.07462252111 17.1294007471 0 22 3
P 19.7165191728 10.8288020064 0 22 3
P 22.4916392388 15.5607052598 0 91 1
P 11.8888851908 21.8381293872 0 91 1
P 18.7082376867 24.7181914421 0 74 1
P 21.737382368 22.9247681653 0 74 1
P 3.25460824168 19.6312523144 0 93 4
P 24.7089249937 6.92909540244 0 93 4
P 13.0916495679 9.79901212474 0 59 5
P 11.3576260809 10.8256511305 0 59 5
P 5.30052524543 15.2274127678 0 17 4
P 19.8638650159 6.60510010849 0 17 4
P 15.588653131 4.89307234793 0 56 2
P 5.85540946407 10.6556976391 0 56 2
P 26.7187047843 6.6596522865 0 64 1
P 2.05186448334 21.2638030337 0 64 1
P 26.8697975572 19.0767484293 0 1 5
P 12.8662107199 27.3676560072 0 1 5
P 6.13258573146 20.7902387511 0 10 5
P 24.341077327 10.0097920909 0 10 5
P 16.2210156135 13.275681334 0 73 4
P 12.9009733837 15.2413322491 0 73 4
