P 15 15 0 70 3
P 28.4029911229 17.0979112304 1 100 5
P 1.87844319043 18.444727778 2 100 5
P 15.5069839149 24.9846702762 0 37 3
P 15.7312081546 29.4005995319 0 23 3
P 15.3613499183 22.1165172753 0 28 5
P 19.2450103584 9.01914773391 0 67 4
P 10.1710141892 9.47989105081 0 67 4
P 0.227168989353 15.512198495 0 43 1
P 29.7487327782 14.0132047808 0 43 1
P 27.2953372428 9.23444960271 0 90 3
P 2.18389987971 10.509513723 0 90 3
P 18.4439996078 25.3553188753 0 73 1
P 12.6226173354 25.6509067208 0 73 1
P 10.8559439448 22.3755329844 0 66 4
P 19.8698197693 21.917842352 0 66 4
P 27.4392115015 10.9841765315 0 67 1
P 2.21799772349 12.2648146843 0 67 1
P 23.2116753574 10.8886407657 0 26 4
P 6.41411390001 11.7415576104 0 26 4
P 26.5162104921 18.7682976984 0 100 4
P 3.92471537913 19.9154086513 0 100 4
P 24.319792021 22.7095919127 0 44 4
P 6.50905609821 23.6139539371 0 44 4
