P 15 15 0 72 1
P 11.0878009625 28.1427177495 1 100 5
P 18.9121990375 1.85728225049 2 100 5
P 5.43566951247 11.0206376978 0 11 5
P 24.5643304875 18.9793623022 0 11 5
P 12.542435024 27.1351002285 0 8 5
P 17.457564976 2.86489977152 0 8 5
P 19.091074085 11.0286965779 0 18 5
P 10.908925915 18.9713034221 0 18 5
P 7.70445359255 9.71696653002 0 34 4
P 22.2955464075 20.28303347 0 34 4
P 14.1714323129 6.79578091481 0 77 5
P 15.8285676871 23.2042190852 0 77 5
P 21.613005959 7.40985217227 0 60 5
P 8.38699404095 22.5901478277 0 60 5
