P 15 15 0 58 3
P 15.6691539158 5.45128879946 1 100 5
P 11.606200774 23.9502949319 2 100 5
P 24.6085970806 17.1103447081 0 94 4
P 27.1864960517 17.676530948 0 67 3
P 20.7223162429 16.2567973972 0 90 3
P 23.4894363278 16.8645424383 0 9 1
P 19.1593558863 15.9135230263 0 70 2
P 23.1437006591 21.4297572944 0 25 2
P 25.0885642503 12.5746112357 0 25 2
P 23.9910817502 5.85406458252 0 53 1
P 19.3309952075 27.0718750081 0 53 1
P 6.54964792098 16.4856099685 0 2 3
P 7.94992496405 10.1100174616 0 2 3
P 4.07816650997 18.3526940124 0 62 2
P 6.48830602619 7.37910309604 0 62 2
