P 15 15 0 99 1
P 4.68419606223 16.319845316 1 100 5
P 25.3158039378 13.680154684 2 100 5
P 13.2265263288 1.13867363126 0 48 2
P 16.7734736712 28.8613263687 0 48 2
P 14.3408560265 9.84818416631 0 73 3
P 15.6591439735 20.1518158337 0 73 3
P 8.32459608589 9.30328282507 0 40 4
P 21.6754039141 20.6967171749 0 40 4
P 18.5013692131 17.8645737047 0 52 2
P 11.4986307869 12.1354262953 0 52 2
P 9.95685192932 28.8966318108 0 96 5
P 20.0431480707 1.1033681892 0 96 5
P 12.37880082 4.87662177425 0 28 3
P 17.62119918 25.1233782257 0 28 3
P 1.74270091657 15.4230290091 0 87 2
P 28.2572990834 14.5769709909 0 87 2
