P 15 15 0 22 1
P 27.6597059449 18.7715153565 1 100 5
P 25.2364038378 6.65083721768 2 100 5
P 26.7428728089 12.6522329777 0 80 2
P 28.408451465 12.3192317858 0 21 1
P 29.7060706056 12.059797193 0 5 3
P 24.5884423139 13.0829709198 0 2 1
P 21.2147856943 4.92786763999 0 24 5
P 24.6097087845 21.9083216907 0 24 5
P 8.55050854343 5.07739247637 0 29 5
P 12.861471435 26.6396209428 0 29 5
P 8.57938077198 7.60187117415 0 14 1
P 11.9174790323 24.2981033485 0 14 1
P 2.82401543787 10.824362461 0 51 3
P 5.36551508216 23.5362315621 0 51 3
P 13.7460909952 23.0131959823 0 79 4
P 10.761461554 8.08491580058 0 79 4
P 21.4366766651 12.8323891599 0 91 5
P 21.7753068968 14.5261226957 0 91 5
P 10.1356243313 20.5417983761 0 69 5
P 8.37877531257 11.7545318478 0 69 5
