P 15 15 0 93 2
P 15.9319712318 12.8867674559 1 100 5
P 13.0149670068 13.8193365516 2 100 5
P 17.733252231 23.549402229 0 13 5
P 19.1517918951 27.986484921 0 28 4
P 16.1207673042 18.5056737099 0 24 5
P 17.3566962546 22.3715641696 0 82 4
P 18.460548545 25.8243290205 0 8 4
P 21.4247452197 9.50760308368 0 10 2
P 6.58060586646 14.2532889126 0 10 2
P 16.9047224709 3.76411688324 0 62 2
P 6.93048584235 6.95289006139 0 62 2
P 4.77976050236 15.2723803707 0 10 4
P 23.4827876885 9.29300433793 0 10 4
P 19.3935541992 16.9241691875 0 68 5
P 12.5375107174 19.1160529755 0 68 5
P 5.23485508721 4.95933193853 0 1 4
P 17.1293964018 1.15663547933 0 1 4
P 7.16362285482 12.9347048426 0 6 1
P 20.184932123 8.77177956971 0 6 1
P 9.08263828423 25.0339758104 0 7 1
P 25.6407247081 19.7403394313 0 7 1
P 15.661468661 26.5087754811 0 12 5
P 21.1375605258 24.758063571 0 12 5
P 11.0607637536 24.3433781074 0 51 5
P 23.6288432008 20.3253508503 0 51 5
P 5.78215372497 24.7048168733 0 27 5
P 28.1381477258 17.5575837871 0 27 5
