P 15 15 0 98 5
P 11.3608378328 13.4600738455 1 100 5
P 18.6391621672 16.5399261545 2 100 5
P 18.2020722914 18.5631435224 0 6 3
P 11.7979277086 11.4368564776 0 6 3
P 12.312448931 22.5314838152 0 6 5
P 17.687551069 7.46851618482 0 6 5
P 26.3407921125 17.3419214023 0 8 2
P 3.65920788747 12.6580785977 0 8 2
P 28.4487737784 9.38744602171 0 19 1
P 1.55122622163 20.6125539783 0 19 1
P 10.2632126478 8.48812843771 0 44 2
P 19.7367873522 21.5118715623 0 44 2
P 2.80312992151 18.5927043695 0 48 1
P 27.1968700785 11.4072956305 0 48 1
P 8.05778435033 7.64691177451 0 91 3
P 21.9422156497 22.3530882255 0 91 3
P 17.6498111038 26.4716656818 0 94 2
P 12.3501888962 3.52833431816 0 94 2
P 7.1862822916 21.371594288 0 90 3
P 22.8137177084 8.62840571203 0 90 3
P 13.449407904 23.9213093748 0 2 2
P 16.550592096 6.07869062521 0 2 2
P 25.2926710846 7.67923782897 0 19 4
P 4.70732891538 22.320762171 0 19 4
P 11.4733399423 12.4073176644 0 82 1
P 18.5266600577 17.5926823356 0 82 1
P 21.2608987334 2.62108130072 0 51 3
P 8.73910126657 27.3789186993 0 51 3
