P 15 15 0 98 4
P 17.3630461438 17.4509368305 1 100 5
P 15.4700577931 11.6280385388 2 100 5
P 1.96159448739 19.2387052822 0 77 3
P 9.47844667111 16.7950229603 0 44 1
P 7.48196004005 17.4440684606 0 41 3
P 3.07110236535 18.8780111085 0 9 4
P 6.15712895877 17.8747628808 0 53 1
P 27.1727752538 23.6346308135 0 4 2
P 19.7682187737 0.857956428003 0 4 2
P 1.40881294897 10.56284084 0 47 2
P 6.61624313781 26.5810780044 0 47 2
P 21.2400925674 7.26437290174 0 87 1
P 24.5960439865 17.5873966957 0 87 1
P 24.1320513737 5.94286561306 0 4 3
P 27.7122514636 16.9556861513 0 4 3
P 21.8527705677 26.8427427185 0 68 3
P 13.5787314735 1.39150943988 0 68 3
P 23.3619967959 26.8918329943 0 76 1
P 14.7705745865 0.46431816675 0 76 1
P 17.3550004941 8.96445170529 0 48 2
P 20.4539435244 18.4969087174 0 48 2
P 29.2232640791 14.5882432379 0 99 3
P 26.7463577197 6.96919275455 0 99 3
P 16.4009775176 23.9399962128 0 62 3
P 10.8760791628 6.94521588012 0 62 3
