P 15 15 0 55 2
P 16.7078966322 22.1884845522 1 100 5
P 13.2921033678 7.8115154478 2 100 5
P 6.21827850903 17.0864303805 0 35 1
P 23.781721491 12.9135696195 0 35 1
P 25.3918942128 17.8220185886 0 49 2
P 4.60810578723 12.1779814114 0 49 2
P 24.4581791084 10.1900538225 0 80 2
P 5.54182089164 19.8099461775 0 80 2
P 13.2434219179 20.9037419683 0 91 1
P 16.7565780821 9.09625803169 0 91 1
P 28.1855036807 11.8020519208 0 76 1
P 1.81449631928 18.1979480792 0 76 1
P 5.38897125384 15.8851756506 0 20 5
P 24.6110287462 14.1148243494 0 20 5
P 22.4614404564 16.0101034368 0 85 1
P 7.53855954356 13.9898965632 0 85 1
P 13.4200434497 28.9485173926 0 36 1
P 16.5799565503 1.05148260741 0 36 1
P 4.63372334659 24.320177961 0 5 4
P 25.3662766534 5.67982203899 0 5 4
P 19.5897604701 21.5257819887 0 94 1
P 10.4102395299 8.47421801126 0 94 1
P 14.1606785289 25.3537878775 0 95 3
P 15.8393214711 4.64621212246 0 95 3
P 21.6535817547 22.9420979914 0 96 2
P 8.3464182453 7.05790200858 0 96 2
P 27.6102171864 20.7636901395 0 62 1
P 2.38978281362 9.23630986049 0 62 1
