P 15 15 0 16 0
P 26.1535496459 20.710770604 1 100 5
P 17.9483071824 2.8212457389 2 100 5
P 24.916721533 10.4515782149 0 28 2
P 20.0002856348 12.7065597701 0 35 1
P 22.3958450683 25.511555459 0 21 4
P 11.8583816494 2.53719306974 0 21 4
P 16.9786342024 10.7065242476 0 73 5
P 19.5448015519 16.3014246799 0 73 5
P 25.0400266017 24.0449670376 0 80 1
P 14.6949172522 1.48998566276 0 80 1
P 7.30118832771 24.1665678279 0 84 5
P 3.03018171975 14.8546822557 0 84 5
P 8.05753405392 11.0758029456 0 96 4
P 13.4449262365 22.8216942873 0 96 4
P 24.9009538018 25.4592212925 0 21 3
P 13.5323437504 0.672746900955 0 21 3
