P 15 15 0 83 4
P 8.35648614989 11.2219794954 1 100 5
P 21.6435138501 18.7780205046 2 100 5
P 12.5914277006 19.2353881909 0 88 5
P 17.4085722994 10.7646118091 0 88 5
P 8.49379001219 26.4409374204 0 7 1
P 21.5062099878 3.55906257961 0 7 1
P 21.5659635207 9.37068295984 0 61 2
P 8.43403647927 20.6293170402 0 61 2
P 19.3690113737 12.9641216384 0 96 1
P 10.6309886263 17.0358783616 0 96 1
P 17.5474503211 5.19170160546 0 42 4
P 12.4525496789 24.8082983945 0 42 4
P 9.86187281043 28.6026826448 0 97 1
P 20.1381271896 1.39731735519 0 97 1
P 8.80222270966 3.95018076145 0 49 1
P 21.1977772903 26.0498192385 0 49 1
P 17.9459769566 6.52696338258 0 89 2
P 12.0540230434 23.4730366174 0 89 2
P 3.41825273895 12.9070670235 0 42 4
P 26.5817472611 17.0929329765 0 42 4
