P 15 15 0 21 2
P 23.9128881885 21.6175693573 1 100 5
P 24.7051926301 9.61102643629 2 100 5
P 10.6672995702 14.7140877422 0 69 4
P 0.845907822345 14.0659800932 0 71 3
P 19.190626056 4.57535698942 0 56 4
P 17.7844208562 25.8849221005 0 56 4
P 4.02969263823 18.0598435699 0 7 3
P 4.5269044917 10.5251193583 0 7 3
P 24.1547170918 7.65810281054 0 38 3
P 23.1105590956 23.4812222308 0 38 3
P 11.334513025 1.00178914241 0 47 5
P 9.52684138004 28.3951572107 0 47 5
P 16.5375337275 6.74496290265 0 61 3
P 15.4394350973 23.3854960639 0 61 3
P 18.468753424 27.4269042296 0 38 3
P 20.0716510382 3.13667185003 0 38 3
