P 15 15 0 13 4
P 13.7004025741 28.6738562234 1 100 5
P 16.2995974259 1.32614377661 2 100 5
P 6.25193677025 14.1685622352 0 20 2
P 23.7480632297 15.8314377648 0 20 2
P 7.43020485872 14.3969434785 0 77 3
P 22.5697951413 15.6030565215 0 77 3
P 13.6426997953 12.4290591811 0 62 4
P 16.3573002047 17.5709408189 0 62 4
P 18.1777749091 9.92888183306 0 3 2
P 11.8222250909 20.0711181669 0 3 2
P 17.3315696191 2.11568275387 0 49 5
P 12.6684303809 27.8843172461 0 49 5
P 14.6696731867 18.7692499939 0 31 1
P 15.3303268133 11.2307500061 0 31 1
P 25.3993675182 14.4340446677 0 35 2
P 4.60063248183 15.5659553323 0 35 2
P 21.4845938069 5.68962801288 0 21 4
P 8.51540619308 24.3103719871 0 21 4
