P 15 15 0 61 1
P 7.01546362105 8.66375126214 1 100 5
P 22.984536379 21.3362487379 2 100 5
P 8.02427148241 23.7903679958 0 6 2
P 21.9757285176 6.20963200424 0 6 2
P 12.1030092006 18.6506029647 0 4 2
P 17.8969907994 11.3493970353 0 4 2
P 27.5158522844 9.58477636528 0 60 3
P 2.48414771561 20.4152236347 0 60 3
P 10.7320595348 17.3836769899 0 4 5
P 19.2679404652 12.6163230101 0 4 5
P 13.0533896977 4.06788626344 0 51 4
P 16.9466103023 25.9321137366 0 51 4
P 13.0544138427 0.159434544933 0 33 3
P 16.9455861573 29.8405654551 0 33 3
P 18.9479918084 26.9469475601 0 60 2
P 11.0520081916 3.05305243989 0 60 2
P 27.0001509288 16.7257222827 0 21 1
P 2.99984907124 13.2742777173 0 21 1
P 28.0640895363 19.3133039237 0 97 3
P 1.93591046374 10.6866960763 0 97 3
P 11.224582673 15.2598467766 0 75 3
P 18.775417327 14.7401532234 0 75 3
P 1.8509246546 8.17568117282 0 83 1
P 28.1490753454 21.8243188272 0 83 1
P 3.0860887476 10.197573032 0 79 2
P 26.9139112524 19.802426968 0 79 2
P 14.3446815287 2.83431659368 0 99 4
P 15.6553184713 27.1656834063 0 99 4
