P 15 15 0 59 1
P 21.68720571 7.23201151157 1 100 5
P 8.31279429002 22.7679884884 2 100 5
P 8.14816785477 7.08897898098 0 43 4
P 21.8518321452 22.911021019 0 43 4
P 3.840142837 24.8634550859 0 26 4
P 26.159857163 5.13654491411 0 26 4
P 14.8113619312 19.4065692475 0 24 4
P 15.1886380688 10.5934307525 0 24 4
P 22.8752558076 20.6452375052 0 6 5
P 7.12474419242 9.35476249482 0 6 5
P 4.80854977919 25.2878148812 0 3 1
P 25.1914502208 4.71218511877 0 3 1
P 23.7342695929 23.6833137007 0 73 3
P 6.26573040714 6.31668629925 0 73 3
P 25.4929259517 22.7224668977 0 94 3
P 4.50707404829 7.2775331023 0 94 3
P 25.4593330181 9.31470851826 0 89 5
P 4.54066698186 20.6852914817 0 89 5
P 12.8598944524 21.1694640909 0 42 2
P 17.1401055476 8.83053590914 0 42 2
P 21.9643661663 28.0821346756 0 2 5
P 8.03563383374 1.91786532437 0 2 5
P 17.7502074854 3.30942032521 0 49 5
P 12.2497925146 26.6905796748 0 49 5
P 13.8730269829 24.1516188204 0 87 4
P 16.1269730171 5.84838117965 0 87 4
