P 15 15 0 18 5
P 23.2751860523 22.8706246834 1 100 5
P 18.7391750762 25.7909224285 2 100 5
P 22.9656341788 27.3727808672 0 93 4
P 19.5971802567 19.4065626697 0 10 3
P 17.1083239051 21.0088960039 0 10 3
P 11.2497832935 14.9199892219 0 94 5
P 16.4795487201 11.553050239 0 94 5
P 6.81117117101 17.0251233142 0 3 5
P 20.2331968556 8.38398211167 0 3 5
P 22.3655797337 3.93681180266 0 59 5
P 1.88021441077 17.1253526757 0 59 5
P 1.27376012872 14.4686394209 0 20 1
P 20.1982069758 2.28502263842 0 20 1
P 2.88312950209 9.94777412932 0 50 4
P 15.4166642453 1.87864611337 0 50 4
P 16.889639357 4.96552875859 0 43 5
P 5.08339452206 12.5664253064 0 43 5
P 9.54481871489 28.8206192162 0 58 3
P 29.8390810254 15.7551110472 0 58 3
P 12.5096279801 8.12787442522 0 5 3
P 9.7751669796 9.88832878385 0 5 3
P 20.4366608416 5.01815700634 0 98 4
P 3.66303103494 15.8170711974 0 98 4
P 8.72355206602 13.1962049497 0 22 1
P 15.9561047443 8.53986540624 0 22 1
P 6.08879457479 6.34601111094 0 61 2
P 10.8110038413 3.30583833681 0 61 2
P 11.5630061082 16.9868704925 0 64 1
P 18.2313778913 12.6937523356 0 64 1
