P 15 15 0 97 3
P 20.3749450713 18.0749091289 1 100 5
P 17.1889236152 20.7925567824 2 100 5
P 8.66318793482 7.57106815262 0 88 5
P 5.78354171558 4.19512843919 0 38 5
P 10.6934348726 9.95121860983 0 8 5
P 7.76110666843 6.51351741892 0 13 1
P 4.8270814524 15.9133409811 0 19 3
P 17.5059774759 5.09835668113 0 19 3
P 2.00583105371 20.6799615941 0 83 5
P 22.6578229279 3.06399822722 0 83 5
P 11.4582711042 23.1767754442 0 49 4
P 23.6329451253 12.7918879784 0 49 4
P 19.1815831391 6.40046341836 0 88 1
P 5.84869035932 17.7733010707 0 88 1
P 4.83826686906 9.49873444905 0 64 5
P 11.169851906 4.09794934592 0 64 5
P 12.8620732362 25.7495361136 0 32 1
P 25.9521703724 14.583800962 0 32 1
P 17.1885508127 10.9290461395 0 34 3
P 10.6348825728 16.5192662178 0 34 3
P 11.7708899759 6.25271083254 0 78 1
P 6.87130151483 10.432015733 0 78 1
P 8.61469134807 26.3649753945 0 69 2
P 27.2296363369 10.4865947039 0 69 2
P 19.7223268576 12.175091972 0 66 2
P 11.4658158852 19.2178215893 0 66 2
