P 15 15 0 67 3
P 4.67811139278 11.7549453393 1 100 5
P 25.3218886072 18.2450546607 2 100 5
P 23.0757512023 19.7719951347 0 44 2
P 6.9242487977 10.2280048653 0 44 2
P 7.904060692 4.76267696639 0 79 4
P 22.095939308 25.2373230336 0 79 4
P 26.8781138097 18.1555672953 0 21 3
P 3.12188619028 11.8444327047 0 21 3
P 11.4294331083 3.01309758607 0 39 2
P 18.5705668917 26.9869024139 0 39 2
P 5.72794462432 20.6531575001 0 18 5
P 24.2720553757 9.34684249992 0 18 5
P 14.375895772 22.8856173427 0 74 1
P 15.624104228 7.11438265731 0 74 1
P 20.7776920334 25.145917173 0 64 5
P 9.22230796664 4.85408282698 0 64 5
