P 15 15 0 74 5
P 8.49458236214 26.1110488888 1 100 5
P 23.0080356822 4.91797487775 2 100 5
P 25.8646974559 22.4403684563 0 13 5
P 17.769625299 29.392575594 0 84 1
P 29.4204847381 12.3795655998 0 84 1
P 2.78104191472 7.688596092 0 46 3
P 3.76599482835 6.25033191492 0 46 3
P 8.92949792685 22.0066627497 0 1 1
P 19.3384214971 6.80717281879 0 1 1
P 25.2568108612 15.1682480548 0 6 2
P 18.8646012935 24.5023856632 0 6 2
P 12.1816030781 23.9518962864 0 46 2
P 22.3277131162 9.13617626299 0 46 2
P 13.4316617536 16.5010965622 0 91 3
P 15.832648578 12.9950880095 0 91 3
P 25.6505612931 6.11609422128 0 5 2
P 10.5669258569 28.1417689595 0 5 2
P 2.32079116312 15.5875919957 0 75 5
P 10.9644541636 2.96579994827 0 75 5
