P 15 15 0 4 4
P 9.94636948108 20.0672555302 1 100 5
P 20.0536305189 9.93274446976 2 100 5
P 29.3921140371 13.9562535227 0 14 1
P 0.607885962866 16.0437464773 0 14 1
P 14.469772782 28.4186923721 0 9 4
P 15.530227218 1.58130762791 0 9 4
P 28.2229665354 10.8190218432 0 59 2
P 1.7770334646 19.1809781568 0 59 2
P 26.4649806926 12.4180003358 0 63 3
P 3.53501930742 17.5819996642 0 63 3
P 14.9276946158 7.30353957732 0 90 5
P 15.0723053842 22.6964604227 0 90 5
P 28.0894826934 13.0043658253 0 75 3
P 1.91051730663 16.9956341747 0 75 3
P 4.44428267262 5.83486711107 0 72 5
P 25.5557173274 24.1651328889 0 72 5
P 26.8663764102 8.06757647913 0 28 1
P 3.1336235898 21.9324235209 0 28 1
P 11.2684132032 6.83241071655 0 49 4
P 18.7315867968 23.1675892835 0 49 4
P 11.2170692898 2.58046254747 0 24 2
P 18.7829307102 27.4195374525 0 24 2
P 19.5739577608 21.9700190473 0 85 2
P 10.4260422392 8.02998095267 0 85 2
P 12.7745320429 24.9757782575 0 2 3
P 17.2254679571 5.0242217425 0 2 3
