P 15 15 0 6 3
P 12.3209769195 5.47266705703 1 100 5
P 17.6790230805 24.527332943 2 100 5
P 9.18055095928 4.04721450603 0 15 1
P 20.8194490407 25.952785494 0 15 1
P 5.91745236951 26.4626195755 0 5 4
P 24.0825476305 3.53738042453 0 5 4
P 3.17583480418 19.3612227056 0 11 5
P 26.8241651958 10.6387772944 0 11 5
P 16.8342354057 4.88259928781 0 100 3
P 13.1657645943 25.1174007122 0 100 3
P 26.6721203517 6.38788386427 0 37 2
P 3.32787964826 23.6121161357 0 37 2
P 6.60825366192 13.8417095671 0 98 3
P 23.3917463381 16.1582904329 0 98 3
P 13.939222648 0.0860897182855 0 35 1
P 16.060777352 29.9139102817 0 35 1
P 23.1712099903 9.7732892818 0 85 1
P 6.82879000969 20.2267107182 0 85 1
P 16.8209161703 10.7802707525 0 95 5
P 13.1790838297 19.2197292475 0 95 5
P 7.61744073964 23.9973494525 0 17 2
P 22.3825592604 6.00265054748 0 17 2
