P 15 15 0 13 1
P 15.2742018691 26.2141014528 1 100 5
P 14.7257981309 3.78589854718 2 100 5
P 10.075493179 15.120411696 0 60 4
P 19.924506821 14.879588304 0 60 4
P 19.2884109664 13.2636515149 0 3 2
P 10.7115890336 16.7363484851 0 3 2
P 9.81322720309 21.661059135 0 6 4
P 20.1867727969 8.33894086495 0 6 4
P 17.8336496236 7.53473544054 0 100 5
P 12.1663503764 22.4652645595 0 100 5
P 12.5869665692 17.3537350174 0 24 5
P 17.4130334308 12.6462649826 0 24 5
P 10.0203606821 11.9415121717 0 28 4
P 19.9796393179 18.0584878283 0 28 4
P 9.18201391994 8.77506959135 0 83 3
P 20.8179860801 21.2249304087 0 83 3
