P 15 15 0 79 0
P 12.5171858596 29.2353688155 1 100 5
P 22.2250861619 27.5143206497 2 100 5
P 8.17322426243 24.3134328582 0 10 2
P 24.6123364712 21.3990535348 0 10 2
P 15.5846307507 27.2213918099 0 52 1
P 18.6522521392 26.6775539047 0 52 1
P 21.2597632386 21.4920405584 0 78 4
P 11.3534460613 23.2482647138 0 78 4
P 17.6438736293 18.9286566069 0 54 3
P 13.8677767148 19.5980953595 0 54 3
P 1.6713237543 8.24855940611 0 4 3
P 25.1954921342 4.07811826204 0 4 3
P 26.9951798786 18.4450896311 0 28 4
P 4.92013780881 22.3586249458 0 28 4
P 7.58450426193 8.47093684916 0 83 1
P 19.7191253186 6.31967172875 0 83 1
P 10.3529849543 27.4830008016 0 60 3
P 23.6549954981 25.1247770729 0 60 3
P 29.8863501134 14.3707922493 0 43 3
P 0.804575245094 19.5265039622 0 43 3
P 6.00306514733 5.93666593544 0 69 3
P 20.3329995619 3.39620851695 0 69 3
