P 15 15 0 66 2
P 17.7099366599 29.6240634769 1 100 5
P 14.3233569936 29.8576291352 2 100 5
P 1.67869815658 18.8790324234 0 13 4
P 28.7276992243 17.0135166632 0 13 4
P 19.918512594 16.7628960027 0 23 5
P 10.370072243 17.4214329267 0 23 5
P 13.3279817898 27.7358857861 0 23 3
P 18.40460818 27.3857609695 0 23 3
P 12.3310333049 15.1256004548 0 39 2
P 17.6609393636 14.7580074436 0 39 2
P 6.54052252672 12.3904871215 0 23 2
P 23.0211401753 11.2538517285 0 23 2
P 18.1220542567 19.453728795 0 13 1
P 12.5189271201 19.8401653201 0 13 1
P 12.5587886846 1.28250696237 0 99 4
P 15.5349187183 1.0772491982 0 99 4
P 23.0687488633 16.0799775245 0 21 1
P 7.15590972977 17.1774543636 0 21 1
P 25.2011205959 12.5319964597 0 31 4
P 4.55665002761 13.9558045001 0 31 4
P 5.98761499744 7.69868288858 0 27 1
P 22.9247076449 6.53056532352 0 27 1
P 26.0959321966 14.0385785822 0 32 2
P 3.87713876955 15.5709645364 0 32 2
P 17.1022932324 13.2120946396 0 57 3
P 12.6721625193 13.5176319363 0 57 3
