P 15 15 0 88 0
P 4.73070426542 8.50606767756 1 100 5
P 25.2692957346 21.4939323224 2 100 5
P 9.30210181802 16.9015045409 0 43 5
P 20.697898182 13.0984954591 0 43 5
P 24.3266110426 22.0641344184 0 37 4
P 5.67338895737 7.93586558155 0 37 4
P 5.22814364873 19.4904664102 0 83 5
P 24.7718563513 10.5095335898 0 83 5
P 27.9339653044 17.2554270718 0 54 5
P 2.06603469558 12.7445729282 0 54 5
P 12.5942756827 5.6203785438 0 16 3
P 17.4057243173 24.3796214562 0 16 3
P 2.83801020342 18.3587076997 0 39 5
P 27.1619897966 11.6412923003 0 39 5
P 23.9011842732 13.5743329325 0 36 4
P 6.09881572683 16.4256670675 0 36 4
P 12.0224984539 9.4306004766 0 78 5
P 17.9775015461 20.5693995234 0 78 5
P 11.315286954 16.6323140067 0 86 4
P 18.684713046 13.3676859933 0 86 4
P 3.78381760908 19.1445569961 0 26 3
P 26.2161823909 10.8554430039 0 26 3
P 12.6815683629 22.5498461776 0 16 4
P 17.3184316371 7.45015382241 0 16 4
P 13.1815138775 21.5325456516 0 39 1
P 16.8184861225 8.46745434836 0 39 1
