P 15 15 0 73 0
P 1.34020662839 11.4044768043 1 100 5
P 28.6597933716 18.5955231957 2 100 5
P 10.514456266 0.840966449089 0 21 3
P 19.485543734 29.1590335509 0 21 3
P 1.39320198127 15.1942786033 0 23 2
P 28.6067980187 14.8057213967 0 23 2
P 4.49355135366 17.3936500357 0 7 2
P 25.5064486463 12.6063499643 0 7 2
P 11.6629239872 5.03990780478 0 94 2
P 18.3370760128 24.9600921952 0 94 2
P 28.466965159 11.794465208 0 95 1
P 1.53303484097 18.205534792 0 95 1
P 6.08485542114 18.1396106578 0 19 3
P 23.9151445789 11.8603893422 0 19 3
P 23.2536854538 5.4153798961 0 72 4
P 6.74631454623 24.5846201039 0 72 4
