P 15 15 0 10 4
P 22.4152949806 25.4080046242 1 100 5
P 27.7750205129 14.6653198538 2 100 5
P 10.8568081108 12.9328843926 0 24 2
P 12.1020565173 13.5541620175 0 81 1
P 7.64054847838 11.3282325538 0 28 3
P 3.28018295339 9.15276497432 0 69 4
P 1.73935924622 8.38401932639 0 20 2
P 19.166020813 15.460620204 0 8 1
P 17.873394891 18.0514754115 0 8 1
P 9.95260332345 7.65090481588 0 20 3
P 6.09294230612 15.3869579737 0 20 3
P 15.828453728 27.5827905489 0 95 3
P 25.5513679881 8.09481447345 0 95 3
P 8.93792813478 24.3947951855 0 75 2
P 18.8604356067 4.50676747599 0 75 2
P 20.3059635311 27.9824922014 0 9 2
P 28.5634158291 11.4317926351 0 9 2
P 5.72509671507 4.77385541845 0 40 1
P 1.25194001492 13.7395593651 0 40 1
P 1.03584145228 10.4091451423 0 73 5
P 2.934269999 6.60405861067 0 73 5
P 19.7399541342 10.315642928 0 56 1
P 14.1079168735 21.6041315907 0 56 1
P 26.1006902962 6.6682919498 0 12 2
P 15.0190725261 28.8795648464 0 12 2
