P 15 15 0 76 1
P 5.19985034651 12.7125642032 1 100 5
P 24.8001496535 17.2874357968 2 100 5
P 12.3595745606 26.3124768315 0 65 4
P 17.6404254394 3.68752316847 0 65 4
P 12.5713222837 10.1891807567 0 45 5
P 17.4286777163 19.8108192433 0 45 5
P 8.47336052085 23.2310828222 0 81 2
P 21.5266394791 6.7689171778 0 81 2
P 2.84189244872 9.59516411536 0 47 2
P 27.1581075513 20.4048358846 0 47 2
P 28.0705699503 15.2565103357 0 45 3
P 1.92943004966 14.7434896643 0 45 3
P 20.1038528395 16.7758316428 0 82 2
P 9.89614716052 13.2241683572 0 82 2
P 17.9553449191 16.7197344967 0 48 1
P 12.0446550809 13.2802655033 0 48 1
P 26.8315292418 15.7254383032 0 16 4
P 3.16847075822 14.2745616968 0 16 4
P 10.219164821 19.6394657017 0 33 4
P 19.780835179 10.3605342983 0 33 4
