P 15 15 0 51 5
P 5.77301386068 16.2327005718 1 100 5
P 24.2269861393 13.7672994282 2 100 5
P 13.9003172049 6.76867591354 0 12 4
P 16.0996827951 23.2313240865 0 12 4
P 11.1399624918 2.8329884931 0 87 1
P 18.8600375082 27.1670115069 0 87 1
P 5.32089291047 24.8661098658 0 22 3
P 24.6791070895 5.13389013421 0 22 3
P 18.6901582916 28.4617335706 0 62 5
P 11.3098417084 1.53826642943 0 62 5
P 9.30797605756 10.7523264423 0 17 3
P 20.6920239424 19.2476735577 0 17 3
P 6.61285956389 27.0234094142 0 29 4
P 23.3871404361 2.97659058579 0 29 4
P 11.4199144263 17.0075203261 0 23 5
P 18.5800855737 12.9924796739 0 23 5
P 1.5918071628 9.0027610638 0 26 4
P 28.4081928372 20.9972389362 0 26 4
P 6.47778810987 19.5800675835 0 59 4
P 23.5222118901 10.4199324165 0 59 4
P 7.10660656498 3.98769197942 0 25 1
P 22.893393435 26.0123080206 0 25 1
P 29.4703769417 18.8443761885 0 33 2
P 0.529623058311 11.1556238115 0 33 2
P 8.03212699511 23.470490642 0 66 3
P 21.9678730049 6.52950935801 0 66 3
