P 15 15 0 73 1
P 28.6141319854 13.3867292971 1 100 5
P 27.1376855503 21.3736819467 2 100 5
P 27.1899361398 17.2533985798 0 96 2
P 22.8237839354 16.4462835085 0 77 5
P 18.4313787684 15.6343153856 0 100 5
P 25.2049779803 16.8864645904 0 44 1
P 6.74027302538 9.02240630771 0 22 1
P 5.14914811826 17.6297211353 0 22 1
P 18.6937866133 21.5624112875 0 42 4
P 20.7957280028 10.1917946832 0 42 4
P 9.48670020326 23.8588284212 0 13 5
P 13.0180669923 4.75562314255 0 13 5
P 11.7899457297 25.4210291993 0 91 3
P 15.7275837224 4.12006801866 0 91 3
P 8.85832858702 11.9291931917 0 31 2
P 8.16640032341 15.6722333367 0 31 2
P 19.6468301461 17.0391459245 0 51 3
P 20.0687298935 14.756846191 0 51 3
P 22.3529835071 8.46394932008 0 73 1
P 19.5304277314 23.7327858966 0 73 1
