P 15 15 0 44 0
P 13.6306603798 28.0610390955 1 100 5
P 16.3693396202 1.93896090447 2 100 5
P 11.2129997509 14.6029650134 0 6 1
P 18.7870002491 15.3970349866 0 6 1
P 16.5513196953 3.10850340833 0 79 1
P 13.4486803047 26.8914965917 0 79 1
P 10.0476043687 25.7740099164 0 36 2
P 19.9523956313 4.22599008355 0 36 2
P 0.878948934962 13.3342760811 0 7 2
P 29.121051065 16.6657239189 0 7 2
P 2.5141919318 19.5826601949 0 91 4
P 27.4858080682 10.4173398051 0 91 4
P 17.0589113226 24.6577118077 0 63 1
P 12.9410886774 5.34228819225 0 63 1
P 20.2149871691 10.2534120887 0 98 5
P 9.78501283093 19.7465879113 0 98 5
P 3.18010935017 14.4773449836 0 88 4
P 26.8198906498 15.5226550164 0 88 4
P 14.4388518929 5.39987774737 0 14 2
P 15.5611481071 24.6001222526 0 14 2
