P 15 15 0 16 4
P 9.3364968078 3.08709375702 1 100 5
P 2.12251558727 12.1429037884 2 100 5
P 6.16428076389 7.96134609516 0 68 5
P 4.5114654104 6.64469094453 0 36 5
P 8.15905971682 9.55041409191 0 78 1
P 24.0144939553 19.0401349916 0 34 2
P 20.9530470946 22.883211421 0 34 2
P 13.2889895421 29.0038136214 0 20 4
P 28.2669347744 10.2017925822 0 20 4
P 17.951445247 12.817273776 0 59 2
P 13.5322950612 18.3646938981 0 59 2
P 26.4152965434 7.29340557626 0 63 3
P 10.0402776308 27.8491924573 0 63 3
P 11.0970626145 11.1657514825 0 7 5
P 10.3902972368 12.0529638001 0 7 5
P 21.8641523847 18.9502837274 0 81 4
P 20.3847693538 20.8073736313 0 81 4
P 14.8940453075 2.88256083359 0 90 3
P 3.1655265738 17.6055320135 0 90 3
P 21.8672538145 8.02385564866 0 48 1
P 9.73554560666 23.2529561312 0 48 1
P 12.7932094032 16.5913513382 0 67 1
P 16.0577603421 12.4933155607 0 67 1
P 4.21763353105 8.1743695687 0 46 4
P 5.93674808262 6.01634138351 0 46 4
