P 15 15 0 77 0
P 10.9638531493 24.524248462 1 100 5
P 24.0404141919 9.97280382268 2 100 5
P 23.8546269767 22.9571529177 0 20 5
P 22.8920167187 22.0921094729 0 30 1
P 16.3169280201 16.1834487963 0 52 5
P 18.4763767527 25.255513109 0 3 4
P 25.56733519 17.3647772493 0 3 4
P 7.80186643767 25.9991557345 0 67 1
P 25.1703015452 6.67176368417 0 67 1
P 12.8782368614 12.2437203699 0 71 1
P 12.0334943473 13.1837399888 0 71 1
P 24.9223600204 25.9110818584 0 4 1
P 26.905442476 23.704330827 0 4 1
P 19.4864838872 28.1157006968 0 97 4
P 28.5188070308 18.0646368306 0 97 4
P 8.02171566985 8.03240534363 0 18 4
P 7.32906992572 8.80317345059 0 18 4
P 9.57932760238 22.4089380423 0 52 5
P 21.7897240235 8.82135129319 0 52 5
