P 15 15 0 99 5
P 9.90746843424 26.0616374431 1 100 5
P 3.17644301956 17.9149958837 2 100 5
P 27.5005409773 21.4322885014 0 48 3
P 11.0406564411 1.51069094904 0 48 3
P 15.8564526755 22.2457073784 0 7 1
P 8.0458362384 12.7924237327 0 7 1
P 23.9338007265 2.96920380872 0 54 3
P 28.4997623454 8.49544244126 0 54 3
P 19.2989140434 25.9653570579 0 13 1
P 5.04216010394 8.71023514248 0 13 1
P 22.1932694728 8.106510202 0 2 2
P 23.1263909024 9.23587836665 0 2 2
P 22.0191082834 13.5769992558 0 42 5
P 17.7212226915 8.37521628466 0 42 5
P 4.87267224934 26.0378719817 0 73 5
P 2.25025281017 22.8639259819 0 73 5
P 13.6271484272 21.5701195642 0 40 4
P 8.28886879418 15.1091350878 0 40 4
