P 15 15 0 16 1
P 27.2747776485 22.6556449374 1 100 5
P 2.72522235153 7.3443550626 2 100 5
P 9.82115595354 23.3035668015 0 44 3
P 20.1788440465 6.69643319847 0 44 3
P 18.4209741057 18.4590714718 0 38 5
P 11.5790258943 11.5409285282 0 38 5
P 26.0478809316 23.3280450513 0 86 4
P 3.95211906837 6.6719549487 0 86 4
P 12.7636849752 26.4224780002 0 57 4
P 17.2363150248 3.57752199978 0 57 4
P 8.14683240989 23.1333034881 0 47 4
P 21.8531675901 6.86669651187 0 47 4
P 8.71100742639 4.2417510519 0 43 5
P 21.2889925736 25.7582489481 0 43 5
P 18.7932606766 9.07409881983 0 87 3
P 11.2067393234 20.9259011802 0 87 3
P 4.90000844484 18.0133892868 0 88 4
P 25.0999915552 11.9866107132 0 88 4
