P 15 15 0 57 5
P 10.6586025045 18.9099050639 1 100 5
P 17.8780136508 20.0844987214 2 100 5
P 12.7487077923 28.8371290817 0 66 3
P 14.594398768 17.4929489757 0 31 3
P 9.21675114794 11.4489382559 0 24 1
P 21.6106791528 13.4654225552 0 24 1
P 23.3327015693 3.54503226536 0 53 5
P 10.728380596 1.49431716232 0 53 5
P 21.5254253955 28.0073313981 0 19 2
P 4.68771771314 25.2678469374 0 19 2
P 11.8918899452 24.6332158467 0 4 3
P 14.8940044924 25.1216579973 0 4 3
P 10.2509747013 27.9327507622 0 30 2
P 15.4043100706 28.771195189 0 30 2
P 17.8939685376 8.56733137992 0 50 5
P 14.2944957014 7.98169941102 0 50 5
P 12.2221332109 4.64089156086 0 37 4
P 20.9185052497 6.05578582764 0 37 4
P 22.7953126516 17.7035521127 0 80 1
P 6.74969968181 15.092940964 0 80 1
P 6.90432963957 25.6078374488 0 24 2
P 19.3153599396 27.6271042808 0 24 2
P 7.94298457602 9.01265379289 0 81 5
P 23.5910685855 11.5585872295 0 81 5
P 28.475316591 18.7271774903 0 60 4
P 1.0381559635 14.263168695 0 60 4
P 23.1321468477 19.8189641395 0 22 3
P 5.75963745912 16.9924677771 0 22 3
