P 15 15 0 46 2
P 16.2267964102 3.61742002211 1 100 5
P 13.7732035898 26.3825799779 2 100 5
P 6.04418507799 14.0347564771 0 23 1
P 23.955814922 15.9652435229 0 23 1
P 4.60507498387 13.8796514745 0 86 3
P 25.3949250161 16.1203485255 0 86 3
P 13.0029480159 21.9435610143 0 15 1
P 16.9970519841 8.05643898574 0 15 1
P 3.73966343508 6.29452906783 0 71 1
P 26.2603365649 23.7054709322 0 71 1
P 18.7812545188 22.2337917418 0 58 2
P 11.2187454812 7.76620825822 0 58 2
P 22.7123814594 11.0127690619 0 23 1
P 7.28761854057 18.9872309381 0 23 1
P 23.5547129844 10.1449854734 0 76 3
P 6.44528701559 19.8550145266 0 76 3
P 19.6627607089 8.91596414412 0 51 3
P 10.3372392911 21.0840358559 0 51 3
P 12.008569255 22.3969470247 0 56 3
P 17.991430745 7.60305297534 0 56 3
P 3.41834482556 18.9203603832 0 28 5
P 26.5816551744 11.0796396168 0 28 5
