P 15 15 0 24 1
P 21.2564123717 21.7218695909 1 100 5
P 8.74358762831 8.27813040914 2 100 5
P 6.04572688622 23.3342326612 0 3 3
P 23.9542731138 6.6657673388 0 3 3
P 4.9714046871 24.3341632024 0 32 4
P 25.0285953129 5.66583679761 0 32 4
P 10.4184347384 3.6222138817 0 43 5
P 19.5815652616 26.3777861183 0 43 5
P 14.5876080687 9.45941999769 0 88 5
P 15.4123919313 20.5405800023 0 88 5
P 17.7671721032 12.2499455807 0 43 3
P 12.2328278968 17.7500544193 0 43 3
P 24.3111765497 15.5050886047 0 20 5
P 5.68882345031 14.4949113953 0 20 5
P 3.00364542263 23.0360580033 0 88 4
P 26.9963545774 6.96394199668 0 88 4
P 12.4322283516 27.8855542241 0 45 1
P 17.5677716484 2.11444577595 0 45 1
P 5.06718222114 9.98493509264 0 61 4
P 24.9328177789 20.0150649074 0 61 4
