P 15 15 0 28 3
P 12.0787732448 11.8224666524 1 100 5
P 19.1750785812 13.9050101502 2 100 5
P 16.5911493337 9.5781293308 0 3 3
P 18.9732193757 1.46118177643 0 33 2
P 18.6574338114 2.5372269047 0 84 2
P 17.9394522973 4.98376214179 0 53 5
P 17.1762083724 7.58452987766 0 88 1
P 9.33924231318 10.7321425905 0 21 3
P 22.0693560563 14.4680325141 0 21 3
P 3.77717544849 20.9097595927 0 19 2
P 21.2493907017 26.0373078789 0 19 2
P 7.39070134859 25.4261659015 0 36 1
P 15.7682822093 27.884723661 0 36 1
P 22.7763317171 20.1574267237 0 98 2
P 5.66985754382 15.1372119965 0 98 2
P 25.329999023 23.6057558384 0 82 5
P 1.6577103232 16.6586800615 0 82 5
P 12.0344380204 2.33546967809 0 72 4
P 24.3391214181 5.94650911151 0 72 4
P 18.8287527492 6.30327627997 0 89 2
P 16.4781248396 5.61344056455 0 89 2
P 15.0495483127 10.3334532364 0 34 4
P 17.4800944485 11.0467424497 0 34 4
P 16.3400011825 6.79527096207 0 93 3
P 18.3063146011 7.37232240368 0 93 3
P 26.6461476348 7.0351886086 0 23 4
P 9.50496330548 2.00478753706 0 23 4
P 11.6131232128 19.0760932167 0 79 4
P 15.6470479934 20.2599238756 0 79 4
