P 15 15 0 72 5
P 20.5285323525 12.6034169378 1 100 5
P 9.34175275401 17.071839388 2 100 5
P 16.7692414595 19.4293292508 0 42 2
P 16.0606101715 17.655257501 0 73 1
P 8.23020391303 15.938183101 0 12 2
P 20.5531542288 11.0159311375 0 12 2
P 18.6868718837 19.436128559 0 56 1
P 15.3840153846 20.755414239 0 56 1
P 22.4816515225 16.2779060197 0 13 5
P 10.4576692723 21.0807388417 0 13 5
P 2.56455673253 19.4641925031 0 87 4
P 27.0889045703 9.66824135465 0 87 4
P 22.0829603938 18.9532447411 0 93 4
P 12.5898251293 22.745161652 0 93 4
P 11.9798330786 29.2319537837 0 27 4
P 26.9941798893 23.234656369 0 27 4
