P 15 15 0 61 0
P 20.8771155188 1.90120855153 1 100 5
P 9.12288448124 28.0987914485 2 100 5
P 6.96236188496 11.3937033515 0 84 2
P 23.037638115 18.6062966485 0 84 2
P 2.91830532631 9.57923156201 0 73 3
P 27.0816946737 20.420768438 0 73 3
P 2.94771165153 20.3323218651 0 41 1
P 27.0522883485 9.6676781349 0 41 1
P 8.04358065648 20.849124983 0 63 2
P 21.9564193435 9.15087501697 0 63 2
P 24.232133813 16.3544322869 0 100 3
P 5.76786618701 13.6455677131 0 100 3
P 3.93040588923 11.8428431971 0 26 2
P 26.0695941108 18.1571568029 0 26 2
P 18.3220145633 7.78476724844 0 52 2
P 11.6779854367 22.2152327516 0 52 2
P 5.31538428943 5.87721121888 0 32 3
P 24.6846157106 24.1227887811 0 32 3
P 13.1732956133 2.51456703998 0 86 4
P 16.8267043867 27.48543296 0 86 4
