P 15 15 0 44 4
P 22.2911262356 8.74432337896 1 100 5
P 6.72509989228 10.1194221676 2 100 5
P 14.1349662959 5.20787630975 0 17 5
P 14.0049935668 3.73659370654 0 48 2
P 13.8409172392 1.87926064909 0 21 4
P 3.4397074487 16.9358271754 0 72 3
P 26.7206312626 14.879196316 0 72 3
P 23.3070607318 7.60144426249 0 33 5
P 5.52453942612 9.17234764965 0 33 5
P 15.1245721773 3.33961875437 0 58 1
P 12.8331596033 3.54204155551 0 58 1
P 4.76576498854 19.5442202754 0 95 5
P 25.8723913053 17.6796663011 0 95 5
P 6.88772616902 25.0429380161 0 6 4
P 24.7472806225 23.4652295404 0 6 4
P 27.7886750391 18.3778894852 0 60 5
P 3.00156513429 20.567576439 0 60 5
P 25.63506887 7.72695849697 0 3 2
P 3.25458913456 9.70404435663 0 3 2
P 28.9268193386 12.3413007868 0 73 3
P 0.82276456997 14.824005802 0 73 3
P 15.3571158754 10.5336728485 0 66 4
P 13.8654168125 10.6654491624 0 66 4
