P 15 15 0 48 1
P 19.1784898983 23.1213125928 1 100 5
P 6.44174703029 18.1893262871 2 100 5
P 20.021818361 2.03126788478 0 61 2
P 18.6855047845 5.48226741324 0 94 5
P 14.3114486974 21.3809719284 0 6 3
P 11.2116069349 20.1806354467 0 6 3
P 28.2490790499 18.0629395617 0 8 5
P 3.14327336205 8.34134188736 0 8 5
P 15.5827675458 28.6723458699 0 91 4
P 5.36131926587 24.7143447182 0 91 4
P 21.5242015977 10.0683235188 0 68 4
P 13.4985312726 6.96058266645 0 68 4
P 10.2396778181 8.04113620192 0 1 5
P 23.2054806014 13.0618202521 0 1 5
P 16.5226506455 9.23982694245 0 87 5
P 17.7537250173 9.71652981742 0 87 5
P 6.08255034926 7.3107296601 0 55 5
P 26.77040228 15.3215848271 0 55 5
P 8.00547341164 12.0807445879 0 31 4
P 22.1364931885 17.5526298843 0 31 4
P 25.2795326633 25.6153514424 0 44 5
P 0.252101406069 15.9241023134 0 44 5
P 25.7369681443 21.3385712909 0 6 2
P 2.79423289319 12.4545687445 0 6 2
