P 15 15 0 99 0
P 12.1975996459 22.0518916418 1 100 5
P 7.52896227131 13.6710083789 2 100 5
P 8.95023451828 18.3700697587 0 83 2
P 10.7956945187 17.3420416546 0 4 5
P 6.91009619789 19.5065449623 0 41 4
P 3.46350549598 21.4264956001 0 6 2
P 20.0269988005 3.60567305707 0 40 1
P 27.334187869 16.7231404569 0 40 1
P 20.7665558127 10.8665759072 0 53 3
P 21.5497521341 12.2725272405 0 53 3
P 22.0989602804 19.735476972 0 6 1
P 14.7101358066 6.47146214382 0 6 1
P 27.7613994175 14.958330355 0 76 4
P 21.7524216608 4.17134111878 0 76 4
P 29.1750624012 11.490396425 0 81 4
P 25.4451747778 4.79470553138 0 81 4
