P 15 15 0 17 0
P 26.0169278044 19.88536922 1 100 5
P 3.98307219556 10.11463078 2 100 5
P 10.5494060712 25.0364721257 0 46 3
P 19.4505939288 4.96352787426 0 46 3
P 9.41254186793 27.6001986912 0 13 5
P 20.5874581321 2.39980130881 0 13 5
P 11.6786045313 1.87295603862 0 81 2
P 18.3213954687 28.1270439614 0 81 2
P 22.7088268758 17.7693030102 0 83 5
P 7.2911731242 12.2306969898 0 83 5
P 11.6012210383 3.86919490518 0 76 3
P 18.3987789617 26.1308050948 0 76 3
P 10.6793645084 9.32239342397 0 80 1
P 19.3206354916 20.677606576 0 80 1
