P 15 15 0 47 0
P 7.91157277845 7.30504141073 1 100 5
P 22.0884272215 22.6949585893 2 100 5
P 9.01715698391 20.5112638756 0 23 2
P 20.9828430161 9.48873612437 0 23 2
P 1.81437854382 10.580210406 0 97 2
P 28.1856214562 19.419789594 0 97 2
P 16.5671844683 3.62878763326 0 21 1
P 13.4328155317 26.3712123667 0 21 1
P 19.5962407662 7.39710595994 0 51 3
P 10.4037592338 22.6028940401 0 51 3
P 11.4836060926 16.4149059356 0 85 4
P 18.5163939074 13.5850940644 0 85 4
P 25.8802359386 24.7173010118 0 49 1
P 4.11976406139 5.28269898815 0 49 1
