P 15 15 0 65 0
P 9.35020064245 25.6966861784 1 100 5
P 20.6497993576 4.30331382164 2 100 5
P 1.80235138694 8.02923677371 0 83 4
P 28.1976486131 21.9707632263 0 83 4
P 21.3802372039 15.8638128976 0 81 3
P 8.61976279613 14.1361871024 0 81 3
P 2.90497603458 10.6940047234 0 15 1
P 27.0950239654 19.3059952766 0 15 1
P 8.99313716979 18.7495665095 0 53 3
P 21.0068628302 11.2504334905 0 53 3
P 19.1480704116 25.7942279968 0 61 3
P 10.8519295884 4.20577200318 0 61 3
P 22.381977899 11.7423638275 0 49 5
P 7.61802210098 18.2576361725 0 49 5
P 9.92337110527 7.57477611749 0 27 1
P 20.0766288947 22.4252238825 0 27 1
P 24.7749438982 22.2881316766 0 23 2
P 5.2250561018 7.71186832345 0 23 2
P 5.8335115543 21.7366616276 0 60 5
P 24.1664884457 8.26333837243 0 60 5
P 9.33531217118 15.5807575882 0 62 3
P 20.6646878288 14.4192424118 0 62 3
P 29.4104446169 16.685760202 0 19 1
P 0.589555383069 13.314239798 0 19 1
P 23.6497984879 19.4794312074 0 88 3
P 6.35020151212 10.5205687926 0 88 3
P 5.54875295634 8.82214113413 0 12 3
P 24.4512470437 21.1778588659 0 12 3
