P 15 15 0 22 4
P 10.8301157629 13.7513593936 1 100 5
P 17.5716991942 11.4881057577 2 100 5
P 24.9226645994 7.18077577044 0 8 5
P 2.36915667389 14.752336567 0 8 5
P 20.5349286879 25.6742761695 0 37 4
P 17.027422854 26.8518000276 0 37 4
P 12.770727501 21.7052529456 0 38 3
P 20.823769434 19.0017224441 0 38 3
P 29.329216642 12.9420373763 0 91 1
P 2.33174935788 22.0055039364 0 91 1
P 4.62677394655 19.8287541638 0 77 3
P 26.1856146666 12.591118504 0 77 3
P 2.09071200856 15.9613970015 0 84 5
P 25.8742764321 7.97688724861 0 84 5
P 20.3623119013 1.72218785541 0 77 2
P 2.71184803236 7.64772106795 0 77 2
P 19.2894362469 23.0909444188 0 77 4
P 16.4617658399 24.0402370286 0 77 4
P 20.7729229061 15.9530904873 0 66 1
P 10.971661253 19.2435253382 0 66 1
P 26.7872253662 20.5626718737 0 85 3
P 8.95724917481 26.5484701442 0 85 3
P 11.2264277939 17.1880566194 0 82 3
P 19.3294509286 14.4677466568 0 82 3
P 12.8147202773 26.2635500922 0 73 1
P 23.5392665908 22.6631543268 0 73 1
