P 15 15 0 33 3
P 24.083755579 26.2774978953 1 100 5
P 14.4103576495 29.4688940868 2 100 5
P 16.296079328 18.9285285611 0 62 1
P 5.83170156834 26.4388719824 0 11 1
P 29.1752085889 18.7375058291 0 11 1
P 25.6627602411 11.9876673504 0 1 2
P 4.63802436605 18.9240368132 0 1 2
P 25.7620542021 8.78158449841 0 92 1
P 2.65040956309 16.4064558433 0 92 1
P 19.3202149872 6.00333928523 0 92 4
P 6.17436665086 10.3403479166 0 92 4
P 26.1675828891 13.4752375223 0 33 4
P 5.11750281361 20.4199684094 0 33 4
P 20.3035420011 9.26786980379 0 27 1
P 7.32667978455 13.5491274299 0 27 1
