P 15 15 0 49 1
P 15.2614076894 23.90849955 1 100 5
P 6.71836347524 18.2930524872 2 100 5
P 20.5964322743 6.48588387951 0 26 5
P 18.2721808193 10.0218771357 0 46 2
P 21.4626340044 5.16809037232 0 98 2
P 20.0004512181 7.39257794269 0 30 4
P 17.4450440505 11.2802392765 0 27 1
P 21.5234375824 3.61522732852 0 15 2
P 22.864041588 4.49642267728 0 15 2
P 20.718725585 16.6440403692 0 92 1
P 11.2227873796 10.4022444745 0 92 1
P 13.1095928157 16.6175758698 0 31 4
P 14.2647891808 17.3769005171 0 31 4
P 12.7753005475 4.45389190237 0 67 4
P 25.5635765018 12.8597815179 0 67 4
P 11.6146019674 14.6364087184 0 31 4
P 16.6763909442 17.963584293 0 31 4
P 21.158653582 8.97254312252 0 91 5
P 18.0907181757 6.95595179578 0 91 5
P 4.88296664784 25.772505718 0 81 3
P 9.12320175067 28.5596639203 0 81 3
P 3.38467736779 5.96009846047 0 9 2
P 27.9051144159 22.0776805246 0 9 2
P 21.221599748 1.80542990494 0 61 2
P 24.6451338733 4.05576060281 0 61 2
P 22.2835510392 24.8944929171 0 25 3
P 3.02831249644 12.2377899893 0 25 3
