P 15 15 0 16 3
P 1.76227532718 16.6456355333 1 100 5
P 26.0765628512 22.4333859193 2 100 5
P 16.6217891229 8.1868784231 0 70 2
P 17.3620131217 5.07720403519 0 6 4
P 16.2152548433 9.89472528955 0 30 5
P 15.7673729855 11.776272962 0 54 2
P 16.9205672899 6.93171401988 0 45 5
P 2.30327085686 11.9801839508 0 57 3
P 27.6956020744 18.0245508549 0 57 3
P 4.44991425413 5.62069652898 0 52 1
P 28.6444422609 11.3799394709 0 52 1
P 11.9675890321 15.3669215905 0 13 4
P 17.5418741392 16.6938192325 0 13 4
P 3.48108883899 9.73010021787 0 100 1
P 27.6578756736 15.4851200677 0 100 1
P 15.248378765 20.5381774305 0 46 1
P 12.2830398366 19.8323109102 0 46 1
P 16.7653624773 20.6313586443 0 48 1
P 10.8867672577 19.2320233063 0 48 1
