P 15 15 0 2 4
P 25.2176987224 10.4691530962 1 100 5
P 4.78230127763 19.5308469038 2 100 5
P 10.0472957399 3.83095344751 0 17 5
P 19.9527042601 26.1690465525 0 17 5
P 16.157263666 0.348566192232 0 10 2
P 13.842736334 29.6514338078 0 10 2
P 20.6227729637 19.4228447502 0 52 3
P 9.37722703627 10.5771552498 0 52 3
P 17.9241848632 17.4095106381 0 83 3
P 12.0758151368 12.5904893619 0 83 3
P 4.22582888926 8.94681994706 0 58 1
P 25.7741711107 21.0531800529 0 58 1
P 25.4503651511 12.3616898522 0 51 1
P 4.5496348489 17.6383101478 0 51 1
P 23.1806717612 25.6565403038 0 76 1
P 6.81932823878 4.34345969616 0 76 1
P 24.1612384186 5.99481552724 0 44 5
P 5.83876158139 24.0051844728 0 44 5
P 23.3042101989 18.5103919802 0 76 2
P 6.69578980111 11.4896080198 0 76 2
P 15.7899353374 24.2680548522 0 93 5
P 14.2100646626 5.73194514777 0 93 5
P 1.62234630814 18.269075567 0 4 5
P 28.3776536919 11.730924433 0 4 5
