P 15 15 0 17 4
P 7.73735546601 18.4846463005 1 100 5
P 22.262644534 11.5153536995 2 100 5
P 11.132218542 6.93883124932 0 64 4
P 18.867781458 23.0611687507 0 64 4
P 8.81802781249 2.11563164652 0 5 3
P 21.1819721875 27.8843683535 0 5 3
P 7.67358946173 21.7806241845 0 22 1
P 22.3264105383 8.2193758155 0 22 1
P 2.82732033598 11.8933265712 0 37 5
P 27.172679664 18.1066734288 0 37 5
P 20.2135148902 19.4688687218 0 41 1
P 9.78648510976 10.5311312782 0 41 1
P 16.6990577968 6.22357243301 0 37 2
P 13.3009422032 23.776427567 0 37 2
P 14.7083248817 2.29174419408 0 12 3
P 15.2916751183 27.7082558059 0 12 3
P 6.40828469135 6.80433762274 0 100 3
P 23.5917153086 23.1956623773 0 100 3
P 18.847797845 25.1842230878 0 72 4
P 11.152202155 4.81577691222 0 72 4
P 27.0182441405 12.651372533 0 78 5
P 2.9817558595 17.348627467 0 78 5
P 6.37147882713 26.7524860696 0 74 1
P 23.6285211729 3.24751393044 0 74 1
P 12.6482927848 11.5965130797 0 58 4
P 17.3517072152 18.4034869203 0 58 4
