P 15 15 0 13 0
P 21.4841671857 12.8715117968 1 100 5
P 8.3635605069 13.4085990517 2 100 5
P 14.468584075 2.01793931859 0 71 4
P 14.5557308503 4.14686446458 0 2 4
P 14.3949816854 0.219892548008 0 9 5
P 9.03238994209 9.55960308015 0 24 2
P 20.5029880821 9.0900583237 0 24 2
P 6.78635422756 25.9963298665 0 72 4
P 24.0849210407 25.2882193354 0 72 4
P 17.4803507638 1.02540414777 0 17 3
P 11.3857716023 1.27488352566 0 17 3
P 11.0592020255 8.96974246036 0 61 1
P 18.4347463934 8.66782723837 0 61 1
P 17.3800127264 28.1156709141 0 58 4
P 13.6999242158 28.2663139968 0 58 4
