P 15 15 0 29 3
P 15.7985825771 27.6205447687 1 100 5
P 14.2014174229 2.37945523127 2 100 5
P 0.621065325672 15.9098471515 0 14 5
P 29.3789346743 14.0901528485 0 14 5
P 4.19705118592 15.6835716574 0 19 4
P 25.8029488141 14.3164283426 0 19 4
P 23.5938220957 12.8434154945 0 93 1
P 6.40617790427 17.1565845055 0 93 1
P 11.4057096554 28.9407388901 0 54 2
P 18.5942903446 1.05926110991 0 54 2
P 26.6558897271 21.2177708202 0 73 3
P 3.34411027294 8.78222917984 0 73 3
P 20.6327522516 3.60839182179 0 85 5
P 9.36724774844 26.3916081782 0 85 5
P 21.5360609089 27.6767653627 0 45 5
P 8.46393909113 2.32323463726 0 45 5
P 7.55933952298 4.70643841405 0 66 4
P 22.440660477 25.293561586 0 66 4
P 21.2111418905 26.4130014423 0 63 1
P 8.7888581095 3.58699855771 0 63 1
P 2.93830145715 11.9198329279 0 91 2
P 27.0616985429 18.0801670721 0 91 2
P 1.35886868345 11.369128149 0 82 2
P 28.6411313166 18.630871851 0 82 2
P 10.0624767882 5.53764873844 0 70 4
P 19.9375232118 24.4623512616 0 70 4
P 10.3132330023 15.2046674118 0 34 4
P 19.6867669977 14.7953325882 0 34 4
