P 15 15 0 40 2
P 13.9119858132 7.41856100951 1 100 5
P 16.0880141868 22.5814389905 2 100 5
P 8.2301962093 18.8430574477 0 16 4
P 21.7698037907 11.1569425523 0 16 4
P 25.1069479544 22.5360590368 0 35 5
P 4.89305204565 7.46394096319 0 35 5
P 15.7955437959 0.273709768324 0 80 1
P 14.2044562041 29.7262902317 0 80 1
P 12.4321172671 1.82617918086 0 43 3
P 17.5678827329 28.1738208191 0 43 3
P 20.6344929784 20.4233439152 0 26 4
P 9.3655070216 9.5766560848 0 26 4
P 17.0550710574 9.24673344693 0 4 4
P 12.9449289426 20.7532665531 0 4 4
