P 15 15 0 21 0
P 6.71496431448 2.77221471168 1 100 5
P 12.2265818111 29.5075394508 2 100 5
P 25.014237801 12.9355160703 0 11 4
P 23.0264735149 13.3453033658 0 2 5
P 17.2902384082 14.5278561901 0 16 2
P 12.0795197146 20.786464098 0 36 4
P 10.0290870498 10.8403850783 0 36 4
P 18.9500982898 10.9592508351 0 29 3
P 20.2261495658 17.1490209466 0 29 3
P 21.1417010786 15.382658067 0 3 1
P 20.4895991234 12.2194927081 0 3 1
P 26.1493251314 13.391683746 0 76 3
P 25.8763616141 12.0676135834 0 76 3
P 13.9244610013 5.35911263827 0 60 1
P 17.8251352871 24.2801995598 0 60 1
P 15.4791702467 3.57540530846 0 29 5
P 19.9585402185 25.303584177 0 29 5
P 19.4417438001 26.665791772 0 62 4
P 14.4657560526 2.52865808912 0 62 4
P 13.2337114012 20.1574122363 0 95 1
P 11.3379629904 10.9616635442 0 95 1
P 8.79436869272 2.18004290896 0 73 2
P 14.3706476224 29.2290222898 0 73 2
