P 15 15 0 6 2
P 23.129269242 3.02751833797 1 100 5
P 6.87073075798 26.972481662 2 100 5
P 20.6962630408 23.9297500801 0 47 1
P 9.30373695917 6.07024991991 0 47 1
P 16.3803395436 28.8888844507 0 82 1
P 13.6196604564 1.11111554929 0 82 1
P 12.6394124922 9.88036172139 0 87 2
P 17.3605875078 20.1196382786 0 87 2
P 3.34749129641 10.4228260864 0 2 3
P 26.6525087036 19.5771739136 0 2 3
P 19.8431234992 16.2162552277 0 11 4
P 10.1568765008 13.7837447723 0 11 4
P 4.22488959273 21.3250695229 0 68 5
P 25.7751104073 8.67493047708 0 68 5
P 28.5991175838 11.7064443364 0 18 5
P 1.4008824162 18.2935556636 0 18 5
P 17.1050603399 13.2799287929 0 99 3
P 12.8949396601 16.7200712071 0 99 3
