P 15 15 0 76 1
P 6.41333369111 3.28367088716 1 100 5
P 0.477561130776 14.6806640167 2 100 5
P 27.2577195082 21.3840553628 0 30 4
P 20.7034817696 17.9704826704 0 80 3
P 24.3137310351 19.8507697148 0 91 4
P 21.7304080709 18.5053255796 0 38 2
P 14.1337460928 5.66024127259 0 13 3
P 6.85061172257 19.6442394018 0 13 3
P 19.717929392 2.63694413636 0 27 1
P 7.57452507882 25.9529142346 0 27 1
P 26.8870575928 10.8544468263 0 53 2
P 18.417491492 27.1164558033 0 53 2
P 16.434591967 17.3337022932 0 97 2
P 17.7345697603 14.8376770785 0 97 2
P 8.52945341032 16.390281555 0 88 3
P 12.4299180984 8.90118577178 0 88 3
P 23.1264693766 25.4566572514 0 83 4
P 28.2264809971 15.6643687482 0 83 4
P 16.1038615745 22.473735994 0 82 2
P 21.756616411 11.6201516663 0 82 2
P 25.7220212258 16.2972931765 0 22 3
P 22.209389526 23.0417293796 0 22 3
P 3.18165170524 11.9661595282 0 7 1
P 5.73924812529 7.05544090969 0 7 1
P 11.4683623089 11.2263188127 0 85 4
P 9.88340655697 14.269516582 0 85 4
P 4.73720450334 18.8739070254 0 13 5
P 12.2910377988 4.37015283083 0 13 5
