P 15 15 0 59 1
P 23.0916163487 6.55204108146 1 100 5
P 3.41515436773 13.3771578327 2 100 5
P 10.9308501161 3.26884932454 0 66 4
P 11.554867788 5.06786030787 0 10 3
P 10.4751338488 1.95504266987 0 68 2
P 12.4320369114 7.59669395794 0 1 5
P 12.829520097 8.74261762137 0 86 5
P 22.3741722519 14.3456211636 0 40 3
P 8.80451953095 19.0524868686 0 40 3
P 17.8381964855 13.7760941887 0 36 3
P 12.0135418684 15.7964750801 0 36 3
P 6.63419450396 18.9193980037 0 77 4
P 23.9959191594 12.8971874106 0 77 4
P 12.7350693884 19.2522032363 0 43 1
P 19.4115380661 16.936356096 0 43 1
P 13.8534308513 22.0100038181 0 77 5
P 20.241103975 19.794330346 0 77 5
P 6.70244987687 15.2252666267 0 46 5
P 21.654806132 10.0387865956 0 46 5
