P 15 15 0 47 5
P 6.7695777928 22.0602861767 1 100 5
P 6.81173296332 7.89086689242 2 100 5
P 22.9023602806 15.0235101622 0 10 1
P 29.8770117359 15.0442603154 0 40 3
P 20.3235023555 15.0158378509 0 28 3
P 25.0357755533 15.0298572455 0 49 5
P 23.1028560665 12.0677386305 0 8 1
P 23.0852653533 17.9804223424 0 8 1
P 16.6249756765 24.5234442418 0 91 3
P 16.6816124462 5.48639312581 0 91 3
P 21.450718665 28.3679629616 0 58 5
P 21.530145316 1.6706561606 0 58 5
P 9.0940676095 21.7732541723 0 51 4
P 9.13447375995 8.19172478442 0 51 4
P 9.22302643736 3.97415560701 0 71 3
P 9.15752372136 25.9912755882 0 71 3
P 16.0581695101 0.0743245682745 0 96 2
P 15.9693413767 29.9317074409 0 96 2
P 14.8382796652 24.7806049777 0 67 2
P 14.8964781976 5.21860590544 0 67 2
P 17.2872782833 11.5750849149 0 21 4
P 17.2668591743 18.4384640131 0 21 4
P 19.7394923127 24.6532834442 0 23 4
P 19.7968465064 5.37508793652 0 23 4
P 23.7355173009 23.696916999 0 35 4
P 23.7871102718 6.35521423788 0 35 4
P 24.1465806224 3.52818018375 0 29 3
P 24.0781601262 26.5260398967 0 29 3
