P 15 15 0 47 1
P 21.0820384825 18.4514389579 1 100 5
P 8.91796151751 11.5485610421 2 100 5
P 20.7887801955 22.0351452689 0 30 2
P 9.21121980452 7.96485473112 0 30 2
P 20.2969145466 6.77891911594 0 3 1
P 9.70308545338 23.2210808841 0 3 1
P 8.16572370053 20.0507368105 0 35 5
P 21.8342762995 9.94926318952 0 35 5
P 4.17598034437 18.1253367878 0 78 5
P 25.8240196556 11.8746632122 0 78 5
P 23.5593912088 3.0419759963 0 45 5
P 6.44060879116 26.9580240037 0 45 5
P 14.2772565165 27.9034748169 0 91 2
P 15.7227434835 2.09652518313 0 91 2
P 25.7858424145 5.18960159451 0 1 3
P 4.2141575855 24.8103984055 0 1 3
P 13.3202770691 7.97657873301 0 99 4
P 16.6797229309 22.023421267 0 99 4
P 2.51260612885 22.3611353344 0 11 3
P 27.4873938711 7.63886466559 0 11 3
P 11.3669271919 20.0046438607 0 26 5
P 18.6330728081 9.99535613933 0 26 5
P 5.32767583817 19.6871990175 0 93 1
P 24.6723241618 10.3128009825 0 93 1
