P 15 15 0 29 5
P 21.9303732316 20.634171557 1 100 5
P 15.4177684466 6.0781486345 2 100 5
P 25.498609291 10.3027490085 0 71 5
P 17.3775078882 8.11897713407 0 60 1
P 21.7147684639 17.8129884315 0 60 1
P 1.80421765044 8.82565018775 0 30 2
P 10.8096183451 28.953206406 0 30 2
P 17.0394512913 12.2046755631 0 16 1
P 18.4432619468 15.3422680863 0 16 1
P 24.4072066513 6.2754298361 0 54 4
P 27.7739768286 13.8003427538 0 54 4
P 7.73639770799 11.5889844754 0 9 2
P 12.7026191053 22.6887571291 0 9 2
P 10.0434855223 24.4287002599 0 51 2
P 4.66704308951 12.4120614683 0 51 2
P 20.5748383315 18.7761131812 0 65 3
P 15.899753936 8.32704742753 0 65 3
