P 15 15 0 57 0
P 14.2845984917 6.65887389156 1 100 5
P 15.7154015083 23.3411261084 2 100 5
P 5.90598823814 15.7799749873 0 1 4
P 24.0940117619 14.2200250127 0 1 4
P 2.58825535933 16.064530223 0 48 1
P 27.4117446407 13.935469777 0 48 1
P 7.63014605712 19.736652967 0 71 3
P 22.3698539429 10.263347033 0 71 3
P 9.56585082668 11.2876029261 0 73 1
P 20.4341491733 18.7123970739 0 73 1
P 17.8883988649 26.5364895355 0 9 1
P 12.1116011351 3.46351046453 0 9 1
P 13.2459361884 24.9542292452 0 12 1
P 16.7540638116 5.04577075479 0 12 1
P 29.3847787304 18.0444524691 0 92 1
P 0.615221269587 11.9555475309 0 92 1
P 8.80869064778 19.4373102232 0 42 3
P 21.1913093522 10.5626897768 0 42 3
