P 15 15 0 44 1
P 8.30516101107 26.7884790925 1 100 5
P 21.6948389889 3.21152090755 2 100 5
P 7.9095450283 10.9732333559 0 55 5
P 22.0904549717 19.0267666441 0 55 5
P 22.541111804 15.0333274689 0 44 3
P 7.45888819603 14.9666725311 0 44 3
P 20.8107769885 19.8302323568 0 48 1
P 9.18922301146 10.1697676432 0 48 1
P 17.8041505834 8.87548380839 0 89 5
P 12.1958494166 21.1245161916 0 89 5
P 13.9271877593 25.7820335162 0 25 4
P 16.0728122407 4.21796648381 0 25 4
P 18.1110458681 2.89116501048 0 88 1
P 11.8889541319 27.1088349895 0 88 1
P 15.2686969561 24.6486925656 0 71 1
P 14.7313030439 5.3513074344 0 71 1
P 22.0028423265 17.1891847646 0 77 4
P 7.99715767354 12.8108152354 0 77 4
P 9.77102034753 26.1937922912 0 1 1
P 20.2289796525 3.80620770877 0 1 1
