P 15 15 0 47 4
P 22.511050352 10.1755974787 1 100 5
P 7.48894964801 19.8244025213 2 100 5
P 10.4074330703 7.84989150436 0 50 4
P 19.5925669297 22.1501084956 0 50 4
P 6.99731442081 2.54072155638 0 84 1
P 23.0026855792 27.4592784436 0 84 1
P 16.0075265395 24.6609510506 0 24 5
P 13.9924734605 5.33904894941 0 24 5
P 17.4988246985 4.38647733062 0 65 3
P 12.5011753015 25.6135226694 0 65 3
P 18.1740575435 22.1923998329 0 50 1
P 11.8259424565 7.80760016711 0 50 1
P 15.5681664536 27.260670221 0 96 1
P 14.4318335464 2.73932977903 0 96 1
P 7.6572305297 11.4734612569 0 71 1
P 22.3427694703 18.5265387431 0 71 1
P 24.1230543362 8.32581230031 0 47 4
P 5.87694566377 21.6741876997 0 47 4
P 2.91201931877 6.41826296088 0 61 4
P 27.0879806812 23.5817370391 0 61 4
P 7.92451950964 22.6209733291 0 32 4
P 22.0754804904 7.3790266709 0 32 4
