P 15 15 0 61 5
P 6.12101040541 3.66853074534 1 100 5
P 23.8789895946 26.3314692547 2 100 5
P 12.7555092264 16.7587137004 0 1 4
P 17.2444907736 13.2412862996 0 1 4
P 4.21751086983 23.4488257117 0 45 4
P 25.7824891302 6.55117428826 0 45 4
P 27.6377360991 23.0447460904 0 14 2
P 2.36226390087 6.95525390959 0 14 2
P 13.2422317323 8.13847862593 0 22 4
P 16.7577682677 21.8615213741 0 22 4
P 12.4671657904 13.6971834938 0 30 3
P 17.5328342096 16.3028165062 0 30 3
P 2.87292293608 9.48832623683 0 99 5
P 27.1270770639 20.5116737632 0 99 5
P 11.8156824097 3.95348912661 0 18 3
P 18.1843175903 26.0465108734 0 18 3
P 15.0832619929 23.7351089889 0 94 4
P 14.9167380071 6.26489101108 0 94 4
P 26.9372845764 12.9414670407 0 4 1
P 3.06271542362 17.0585329593 0 4 1
P 18.4754607947 17.877433012 0 58 2
P 11.5245392053 12.122566988 0 58 2
P 1.49311164594 12.7395754606 0 44 5
P 28.5068883541 17.2604245394 0 44 5
P 7.78833704548 17.169815928 0 51 3
P 22.2116629545 12.830184072 0 51 3
P 10.5140114671 3.75503585403 0 36 5
P 19.4859885329 26.244964146 0 36 5
