P 15 15 0 55 2
P 17.1781501764 16.0560354453 1 100 5
P 12.8218498236 13.9439645547 2 100 5
P 9.38900466197 26.5730873801 0 51 5
P 20.610995338 3.4269126199 0 51 5
P 25.7519802176 21.1570569874 0 14 2
P 4.2480197824 8.84294301264 0 14 2
P 10.9793253563 28.9372665862 0 10 2
P 19.0206746437 1.06273341379 0 10 2
P 16.8224566299 11.2699655352 0 7 4
P 13.1775433701 18.7300344648 0 7 4
P 25.2529885143 4.28560443773 0 16 2
P 4.74701148566 25.7143955623 0 16 2
P 22.4403318347 7.04314086345 0 25 2
P 7.55966816532 22.9568591366 0 25 2
P 9.08319686116 7.80566805416 0 59 1
P 20.9168031388 22.1943319458 0 59 1
P 18.3969019592 7.95203380903 0 36 2
P 11.6030980408 22.047966191 0 36 2
P 21.1064692271 11.6208202069 0 69 3
P 8.8935307729 18.3791797931 0 69 3
