P 15 15 0 77 4
P 26.8189639247 14.4061734523 1 100 5
P 3.18103607534 15.5938265477 2 100 5
P 18.1989112502 28.3469641365 0 49 4
P 11.8010887498 1.65303586353 0 49 4
P 2.25408007147 13.5584600592 0 76 4
P 27.7459199285 16.4415399408 0 76 4
P 19.1816266552 19.6955423027 0 68 4
P 10.8183733448 10.3044576973 0 68 4
P 8.91935459254 9.05271015895 0 68 3
P 21.0806454075 20.947289841 0 68 3
P 21.1290202582 24.7936940934 0 68 1
P 8.87097974185 5.20630590661 0 68 1
P 4.32618854901 25.014607134 0 37 1
P 25.673811451 4.98539286597 0 37 1
P 24.0407775798 24.5479157648 0 57 2
P 5.95922242025 5.45208423516 0 57 2
P 25.0488282074 19.5414465259 0 81 4
P 4.95117179264 10.4585534741 0 81 4
