P 15 15 0 66 4
P 15.3123583258 6.52483322273 1 100 5
P 20.5467639137 8.58443847258 2 100 5
P 13.0716519115 19.9008206841 0 36 5
P 9.95095295103 27.8319541273 0 61 4
P 14.1757888224 17.0947002314 0 65 2
P 10.3279443342 9.70279250014 0 26 5
P 22.0290908131 14.3068955473 0 26 5
P 6.86585136251 2.47514927061 0 1 3
P 29.4881360858 11.3764419957 0 1 3
P 20.3633831951 23.7642796602 0 97 1
P 5.10232576804 17.7594423454 0 97 1
P 18.3214796305 11.6599542098 0 28 5
P 14.845175315 10.2921170221 0 28 5
P 15.4454549928 2.9500409212 0 50 2
P 22.8853828378 5.87746299249 0 50 2
