P 15 15 0 12 2
P 10.2299527613 4.1872092924 1 100 5
P 19.7700472387 25.8127907076 2 100 5
P 9.63062166208 17.3686936155 0 5 3
P 20.3693783379 12.6313063845 0 5 3
P 6.66148019188 15.2752655802 0 65 2
P 23.3385198081 14.7247344198 0 65 2
P 9.97944400371 11.0075042192 0 38 1
P 20.0205559963 18.9924957808 0 38 1
P 2.85752129453 8.53818262075 0 67 3
P 27.1424787055 21.4618173792 0 67 3
P 19.721585556 16.4835968901 0 93 4
P 10.278414444 13.5164031099 0 93 4
P 25.0219509918 5.66662543762 0 41 2
P 4.97804900818 24.3333745624 0 41 2
P 17.6913101624 17.8778714384 0 45 3
P 12.3086898376 12.1221285616 0 45 3
P 8.22505218895 11.1629054626 0 12 5
P 21.774947811 18.8370945374 0 12 5
P 22.406830755 26.7524530973 0 59 2
P 7.59316924503 3.24754690266 0 59 2
P 2.23475198674 13.6237425041 0 1 4
P 27.7652480133 16.3762574959 0 1 4
