P 15 15 0 97 2
P 10.61828176 26.4746293001 1 100 5
P 7.81938400802 24.9652057825 2 100 5
P 12.0535610685 20.4635304173 0 38 5
P 8.37646915783 27.2818979343 0 28 3
P 10.8799105176 22.6398102022 0 22 1
P 11.4620034384 21.5604454326 0 5 2
P 24.6257719575 22.1745960911 0 4 1
P 3.71688009467 10.8985953566 0 4 1
P 13.3784127031 24.1486671224 0 19 5
P 8.24651856678 21.3810770258 0 19 5
P 13.4733464508 4.16232675088 0 40 4
P 24.8943564172 10.321587491 0 40 4
P 16.8225060828 17.6606679406 0 84 1
P 11.7755700503 14.9388950803 0 84 1
