P 15 15 0 59 5
P 4.74695569947 23.64919655 1 100 5
P 10.8177739534 2.25470660657 2 100 5
P 28.4082360537 18.8046695389 0 8 4
P 22.3968194608 3.77745954274 0 41 5
P 15.4001005963 28.4349645315 0 41 5
P 9.79588977298 9.11652310664 0 42 2
P 7.48134977102 17.273315276 0 42 2
P 16.7826550493 24.2682309758 0 80 5
P 21.3848617638 8.04935220984 0 80 5
P 18.7893996241 20.8249153025 0 56 3
P 21.2840233808 12.0334805004 0 56 3
P 15.4873956744 17.9640257461 0 23 2
P 16.9715300911 12.7337095803 0 23 2
P 20.7122562591 19.1055836408 0 68 4
P 22.0172747942 14.5064991752 0 68 4
P 14.5744258502 9.30657889801 0 42 3
P 11.6475375399 19.6213799514 0 42 3
P 14.4938903493 21.5723767552 0 37 1
P 18.0212797434 9.14131824528 0 37 1
