P 15 15 0 91 5
P 18.742698497 3.33651897 1 100 5
P 11.257301503 26.66348103 2 100 5
P 7.81509276219 12.6944326097 0 18 3
P 22.1849072378 17.3055673903 0 18 3
P 9.51125646893 23.5975396438 0 59 4
P 20.4887435311 6.40246035621 0 59 4
P 12.2062943048 11.9873031862 0 68 4
P 17.7937056952 18.0126968138 0 68 4
P 17.4951064759 22.145239868 0 88 5
P 12.5048935241 7.854760132 0 88 5
P 13.9492369331 12.1180041714 0 25 5
P 16.0507630669 17.8819958286 0 25 5
P 4.26117187207 14.0717724298 0 93 3
P 25.7388281279 15.9282275702 0 93 3
P 22.356902685 19.4880264122 0 80 2
P 7.64309731501 10.5119735878 0 80 2
