P 15 15 0 34 1
P 2.59631918634 18.0267676948 1 100 5
P 26.4978610485 9.44916117015 2 100 5
P 11.2397935281 4.5221665694 0 15 4
P 12.6427787786 8.43159172204 0 8 5
P 11.586334948 5.48780590373 0 49 4
P 18.0063371432 16.7814740281 0 91 4
P 13.8124372098 18.2865494597 0 91 4
P 27.6750818905 10.4498643837 0 87 5
P 2.32402978639 19.5476602995 0 87 5
P 20.6061952811 15.0004888962 0 21 3
P 10.6733957531 18.5650976788 0 21 3
P 6.93288681936 15.6675550633 0 74 3
P 21.6507424712 10.3857211382 0 74 3
P 15.4997273441 21.898805363 0 76 4
P 19.0009369821 20.6423174423 0 76 4
P 20.3111635532 3.04452818813 0 18 5
P 3.29886150065 9.14977587161 0 18 5
P 7.03374741534 24.4250111464 0 81 1
P 27.14135867 17.2089420539 0 81 1
P 8.69712143673 21.083241534 0 41 3
P 23.7326739281 15.687394944 0 41 3
