P 15 15 0 90 4
P 5.6297761852 7.40626090772 1 100 5
P 24.3702238148 22.5937390923 2 100 5
P 4.67814395901 13.9644785726 0 61 4
P 25.321856041 16.0355214274 0 61 4
P 21.1721541654 21.8036483207 0 43 4
P 8.82784583461 8.19635167932 0 43 4
P 12.1334286041 16.1441902864 0 61 5
P 17.8665713959 13.8558097136 0 61 5
P 22.4343146072 14.3376787038 0 15 2
P 7.5656853928 15.6623212962 0 15 2
P 8.51383829181 23.1673567266 0 2 5
P 21.4861617082 6.83264327335 0 2 5
P 0.461427161181 14.0670964611 0 60 5
P 29.5385728388 15.9329035389 0 60 5
P 4.60597331099 21.4463123446 0 19 3
P 25.394026689 8.55368765538 0 19 3
