P 15 15 0 20 2
P 26.9696299424 17.1369586968 1 100 5
P 3.03037005765 12.8630413032 2 100 5
P 12.8776452451 26.8878296807 0 67 1
P 17.1223547549 3.11217031928 0 67 1
P 24.2148921307 8.04192011489 0 48 3
P 5.78510786929 21.9580798851 0 48 3
P 5.19491432498 9.87177642505 0 89 2
P 24.805085675 20.128223575 0 89 2
P 27.8406813145 11.1021195715 0 69 5
P 2.15931868547 18.8978804285 0 69 5
P 14.0088947181 9.65134840085 0 85 5
P 15.9911052819 20.3486515992 0 85 5
P 9.05387870744 26.9505712312 0 18 4
P 20.9461212926 3.04942876885 0 18 4
P 7.81871253159 13.8709819022 0 64 4
P 22.1812874684 16.1290180978 0 64 4
P 27.1109617287 8.41419513963 0 55 1
P 2.88903827128 21.5858048604 0 55 1
