P 15 15 0 1 3
P 12.2801496098 8.25804369876 1 100 5
P 9.7492195155 20.0280080764 2 100 5
P 24.2203516059 16.9826793532 0 45 3
P 28.9183702164 17.9929081273 0 93 2
P 27.3072469902 17.6464635563 0 71 1
P 27.8734756799 12.1875117859 0 56 2
P 25.5794755074 22.85564536 0 56 2
P 0.797764155608 16.9712631667 0 46 5
P 2.86342201559 7.3650241467 0 46 5
P 5.75333490566 21.9354155195 0 78 5
P 9.42152277696 4.87669047855 0 78 5
P 4.94962559559 18.9470377282 0 2 2
P 7.46045510178 7.27055013443 0 2 2
P 2.9965912706 9.16650209048 0 94 3
P 1.65967590632 15.3837604214 0 94 3
