P 15 15 0 5 1
P 8.45463297927 21.0776878328 1 100 5
P 21.5453670207 8.92231216715 2 100 5
P 6.77052087958 5.36770807618 0 12 2
P 23.2294791204 24.6322919238 0 12 2
P 6.93044697675 11.2089613896 0 59 5
P 23.0695530233 18.7910386104 0 59 5
P 2.30852978318 14.5608301877 0 85 1
P 27.6914702168 15.4391698123 0 85 1
P 24.6074412877 11.5402534497 0 17 5
P 5.3925587123 18.4597465503 0 17 5
P 17.2636399786 28.7327020063 0 63 1
P 12.7363600214 1.26729799367 0 63 1
P 13.4779737553 16.4789898512 0 54 3
P 16.5220262447 13.5210101488 0 54 3
P 6.9884596424 3.28521261711 0 42 4
P 23.0115403576 26.7147873829 0 42 4
P 24.1832784719 16.0190789232 0 91 3
P 5.81672152808 13.9809210768 0 91 3
P 17.6551367623 27.6811267999 0 82 3
P 12.3448632377 2.31887320014 0 82 3
