P 15 15 0 1 3
P 14.9522290166 2.06386507858 1 100 5
P 15.0477709834 27.9361349214 2 100 5
P 17.376326451 5.62332735854 0 76 2
P 12.623673549 24.3766726415 0 76 2
P 13.2300700946 20.9962356993 0 4 4
P 16.7699299054 9.00376430074 0 4 4
P 14.2854443155 1.22537725202 0 36 1
P 15.7145556845 28.774622748 0 36 1
P 22.3950264976 24.1217898785 0 86 4
P 7.60497350244 5.87821012153 0 86 4
P 17.8341717142 11.8908736656 0 67 2
P 12.1658282858 18.1091263344 0 67 2
P 8.2025961061 17.5393552325 0 9 5
P 21.7974038939 12.4606447675 0 9 5
P 6.44729472514 19.4863976427 0 34 1
P 23.5527052749 10.5136023573 0 34 1
P 0.0829690412345 16.3086478 0 72 3
P 29.9170309588 13.6913522 0 72 3
P 13.6826998708 2.23036342255 0 75 3
P 16.3173001292 27.7696365774 0 75 3
P 4.74846637256 22.9295636914 0 87 2
P 25.2515336274 7.07043630863 0 87 2
P 1.70017623259 10.524665628 0 25 4
P 28.2998237674 19.475334372 0 25 4
