P 15 15 0 81 3
P 13.3033171233 27.1529109496 1 100 5
P 3.05452919418 12.1932751187 2 100 5
P 21.3158995652 10.6730019395 0 74 4
P 19.7778830656 11.7266910209 0 38 3
P 25.1660510587 8.03527822769 0 75 3
P 26.6327968241 7.03041644722 0 92 2
P 19.2655007955 29.0857414141 0 36 4
P 3.40532488809 5.9354472106 0 36 4
P 4.68526385627 18.4535410718 0 75 4
P 8.05446967929 23.3713998957 0 75 4
P 13.69267607 20.0080846259 0 95 2
P 9.85777594044 14.4104754468 0 95 2
P 11.1969313025 1.89861657397 0 35 5
P 25.8437525295 23.2778385025 0 35 5
P 7.06359929683 4.02188326254 0 80 5
P 22.3710704061 26.3654223103 0 80 5
P 16.0746622192 11.9060411863 0 6 3
P 18.2732560332 15.1152170444 0 6 3
P 21.0127630577 1.55090325627 0 25 5
P 29.7128880345 14.2500343376 0 25 5
P 11.7044175293 14.7580095199 0 51 3
P 14.0354925165 18.1605614261 0 51 3
P 2.72420488817 16.0424871256 0 19 2
P 9.59458884103 26.0708380549 0 19 2
P 16.8580226417 7.29313927589 0 9 5
P 22.857743468 16.0506274071 0 9 5
P 10.8654177888 13.9516614893 0 87 1
P 14.4844251304 19.2341429178 0 87 1
