P 15 15 0 94 4
P 14.390841674 21.2886382135 1 100 5
P 15.609158326 8.71136178648 2 100 5
P 15.7603507827 13.0946663033 0 61 4
P 14.2396492173 16.9053336967 0 61 4
P 27.1573509389 6.69778429034 0 22 2
P 2.84264906109 23.3022157097 0 22 2
P 18.8922254544 3.96872347691 0 52 1
P 11.1077745456 26.0312765231 0 52 1
P 24.6116010466 23.8345539139 0 80 2
P 5.38839895344 6.1654460861 0 80 2
P 17.083159667 22.4902195283 0 76 3
P 12.916840333 7.5097804717 0 76 3
P 5.00754946178 22.1124225543 0 55 5
P 24.9924505382 7.88757744572 0 55 5
P 7.9621910297 3.85353289249 0 69 4
P 22.0378089703 26.1464671075 0 69 4
P 22.6665266185 24.1550537446 0 40 4
P 7.33347338146 5.84494625544 0 40 4
P 6.39738806296 13.6389685878 0 82 5
P 23.602611937 16.3610314122 0 82 5
