P 15 15 0 74 1
P 18.8015459315 7.63948815993 1 100 5
P 11.1984540685 22.3605118401 2 100 5
P 10.2306117448 12.5367136266 0 80 1
P 19.7693882552 17.4632863734 0 80 1
P 3.00024867159 10.3836738643 0 73 5
P 26.9997513284 19.6163261357 0 73 5
P 21.4479262802 10.5638949032 0 10 4
P 8.55207371977 19.4361050968 0 10 4
P 7.95456109754 2.93517888088 0 84 3
P 22.0454389025 27.0648211191 0 84 3
P 14.0837057097 29.3390686758 0 4 1
P 15.9162942903 0.660931324187 0 4 1
P 6.41173254165 10.1374178145 0 16 3
P 23.5882674584 19.8625821855 0 16 3
P 11.9890001592 20.4217474201 0 61 1
P 18.0109998408 9.57825257991 0 61 1
P 24.279182638 15.5658923713 0 40 4
P 5.72081736195 14.4341076287 0 40 4
