P 15 15 0 59 2
P 10.9422234896 14.6333522258 1 100 5
P 17.9351128941 12.1742092969 2 100 5
P 9.23007169444 27.4913969008 0 30 4
P 27.31851567 21.1303540577 0 30 4
P 4.5535500922 8.58366763465 0 90 4
P 19.1309295732 3.45733750124 0 90 4
P 8.57107155414 13.7391585798 0 66 5
P 19.224647965 9.99268618706 0 66 5
P 15.4475614872 11.2117200027 0 94 5
P 12.2797892727 12.3257093984 0 94 5
P 10.4415866551 11.3549971146 0 34 1
P 16.2735619317 9.30410513932 0 34 1
P 24.988961531 19.1188345933 0 29 3
P 9.78780764731 24.4645233242 0 29 3
P 21.7764971076 23.0775701362 0 36 2
P 14.7710207166 25.5411394471 0 36 2
P 27.0041949276 18.3622572185 0 81 2
P 7.74259661954 25.1358554468 0 81 2
P 6.29648347063 13.0878707344 0 91 1
P 20.5909139966 8.06104337899 0 91 1
