P 15 15 0 67 5
P 1.62596518463 11.9683648311 1 100 5
P 28.3740348154 18.0316351689 2 100 5
P 12.5805956885 25.6731831806 0 7 5
P 17.4194043115 4.32681681941 0 7 5
P 7.71280858354 19.1399811317 0 53 2
P 22.2871914165 10.8600188683 0 53 2
P 20.0168067617 9.80943355905 0 19 3
P 9.98319323832 20.1905664409 0 19 3
P 20.1487807207 24.1202285084 0 16 5
P 9.85121927931 5.8797714916 0 16 5
P 5.56219320075 7.49047220148 0 11 4
P 24.4378067993 22.5095277985 0 11 4
P 17.6847960157 24.2265327358 0 14 5
P 12.3152039843 5.77346726422 0 14 5
P 2.9538763718 11.7806601452 0 10 5
P 27.0461236282 18.2193398548 0 10 5
P 26.5366649598 10.0503097508 0 99 5
P 3.46333504017 19.9496902492 0 99 5
P 18.6558420524 8.34668694735 0 2 4
P 11.3441579476 21.6533130526 0 2 4
P 22.9940966602 22.6492558686 0 88 4
P 7.00590333984 7.35074413136 0 88 4
P 25.3068814818 19.2108272373 0 21 5
P 4.69311851816 10.7891727627 0 21 5
P 6.93141034694 27.1170864255 0 94 3
P 23.0685896531 2.88291357445 0 94 3
P 26.7048961689 11.3810850964 0 61 4
P 3.29510383111 18.6189149036 0 61 4
