P 15 15 0 50 0
P 4.10188730765 20.8414862275 1 100 5
P 23.1221054308 5.67673742875 2 100 5
P 7.35765434417 5.41467265463 0 44 5
P 10.044859818 8.7850703402 0 30 2
P 5.66829029555 3.29580651839 0 72 4
P 11.4426640411 10.5382507964 0 95 3
P 18.6239091278 6.98241110505 0 17 5
P 6.37665459822 16.7471013527 0 17 5
P 3.76530504065 19.8134467364 0 19 1
P 22.1948582618 5.1196328557 0 19 1
P 27.6953180031 19.197272575 0 54 4
P 16.2641814978 28.3112749731 0 54 4
P 13.9180331545 2.27440647239 0 78 3
P 2.83506590388 11.1108148255 0 78 3
P 2.50462430453 20.9781296141 0 15 2
P 23.6110779735 4.15003301444 0 15 2
P 17.288718348 20.9322266066 0 97 2
P 20.2734363422 18.5525221088 0 97 2
P 21.2330053572 15.6475448563 0 52 5
P 14.2429882122 21.2206593925 0 52 5
P 18.9273065219 11.255062735 0 20 4
P 10.4743996108 17.9945338124 0 20 4
P 3.04058163167 14.8232368743 0 2 2
P 17.4914231064 3.30163499388 0 2 2
P 26.3638818416 24.130043366 0 83 4
P 21.3695931257 28.1119710871 0 83 4
