P 15 15 0 60 2
P 12.7166122232 1.95083964185 1 100 5
P 18.33844156 2.18012270954 2 100 5
P 15.3919778632 5.38903014959 0 59 1
P 15.2327513256 9.29313187668 0 37 5
P 15.4860859712 3.08157793597 0 63 5
P 15.4395710404 4.22208519289 0 86 5
P 8.1397237753 7.67876374174 0 16 2
P 22.4336848883 8.26173470316 0 16 2
P 17.6980331453 20.8226030018 0 91 5
P 11.8367732821 20.5835548981 0 91 5
P 10.861686994 3.14920654865 0 17 5
P 20.0896191024 3.52556243843 0 17 5
P 17.5607705141 29.3152182022 0 97 4
P 11.2819975642 29.0591420681 0 97 4
P 24.945223292 17.2207746854 0 96 2
P 4.90696170505 16.4035257416 0 96 2
P 18.1831367109 13.5404664088 0 11 3
P 11.9462899396 13.2861002097 0 11 3
P 23.8707843959 16.8829775437 0 3 2
P 6.005340127 16.1543457012 0 3 2
P 24.0061255939 22.078378401 0 19 2
P 5.44736930672 21.3214702277 0 19 2
P 17.1134240849 17.1730829949 0 97 1
P 12.7166335273 16.9937624274 0 97 1
