P 15 15 0 64 3
P 12.354400021 12.7544479841 1 100 5
P 17.645599979 17.2455520159 2 100 5
P 14.0971649283 23.2040665404 0 13 4
P 15.9028350717 6.79593345961 0 13 4
P 11.6686226252 1.64141353902 0 100 3
P 18.3313773748 28.358586461 0 100 3
P 16.1212207332 21.081961888 0 94 2
P 13.8787792668 8.91803811198 0 94 2
P 5.13789072991 21.0898102532 0 60 2
P 24.8621092701 8.91018974677 0 60 2
P 17.5670541265 13.3150333499 0 35 5
P 12.4329458735 16.6849666501 0 35 5
P 15.5124316896 23.4176370208 0 99 5
P 14.4875683104 6.58236297922 0 99 5
P 4.03304900479 23.6399726594 0 15 5
P 25.9669509952 6.36002734063 0 15 5
