P 15 15 0 54 0
P 16.8275303839 0.861952077728 1 100 5
P 13.1724696161 29.1380479223 2 100 5
P 5.6155961598 13.7869412208 0 56 4
P 24.3844038402 16.2130587792 0 56 4
P 15.4118825967 24.2248597478 0 20 3
P 14.5881174033 5.77514025217 0 20 3
P 4.01920856008 15.0883820575 0 32 3
P 25.9807914399 14.9116179425 0 32 3
P 11.2630703826 5.3721641747 0 48 2
P 18.7369296174 24.6278358253 0 48 2
P 17.0577179294 10.4719667147 0 7 2
P 12.9422820706 19.5280332853 0 7 2
P 21.2804207791 26.376809893 0 34 3
P 8.71957922086 3.62319010704 0 34 3
P 18.4981289972 4.66236475692 0 9 2
P 11.5018710028 25.3376352431 0 9 2
P 23.3918391405 17.6466811782 0 54 2
P 6.6081608595 12.3533188218 0 54 2
P 7.22224686745 8.0241911509 0 41 2
P 22.7777531326 21.9758088491 0 41 2
P 19.1302066586 0.652225898216 0 26 1
P 10.8697933414 29.3477741018 0 26 1
P 9.67693307689 26.2727005221 0 62 3
P 20.3230669231 3.72729947787 0 62 3
