P 15 15 0 47 2
P 27.6850372553 15.6397993235 1 100 5
P 7.31474291705 25.1121875433 2 100 5
P 7.85364444054 11.4557279174 0 20 1
P 16.8950511694 7.25138441766 0 20 1
P 16.729139249 22.6543991926 0 88 2
P 19.738809668 21.2548726983 0 88 2
P 13.2616478571 2.44205990358 0 33 5
P 6.51752874471 5.57814195388 0 33 5
P 7.90742872622 14.0353456457 0 36 3
P 18.8329519572 8.95486934872 0 36 3
P 26.5712532204 9.05994938398 0 58 4
P 3.00106327353 20.0203206916 0 58 4
P 20.759129468 6.17326542011 0 59 5
P 4.53914756815 13.7157173318 0 59 5
