P 15 15 0 29 4
P 14.1333509409 26.0842244015 1 100 5
P 15.8666490591 3.91577559855 2 100 5
P 14.4228365898 20.1202211913 0 54 2
P 15.5771634102 9.87977880869 0 54 2
P 11.6886756233 26.0920145565 0 72 1
P 18.3113243767 3.90798544354 0 72 1
P 26.7776373309 11.0915956123 0 49 4
P 3.22236266912 18.9084043877 0 49 4
P 27.6289337486 20.8116457284 0 49 4
P 2.37106625138 9.18835427156 0 49 4
P 4.82072276439 14.9201275668 0 97 4
P 25.1792772356 15.0798724332 0 97 4
P 14.2667955618 23.1291802597 0 24 4
P 15.7332044382 6.87081974026 0 24 4
P 11.4780773444 8.49769726534 0 91 2
P 18.5219226556 21.5023027347 0 91 2
P 22.5975864779 5.46516622009 0 47 4
P 7.40241352214 24.5348337799 0 47 4
P 9.02869974477 1.55714182003 0 84 1
P 20.9713002552 28.44285818 0 84 1
