P 15 15 0 40 0
P 23.183336831 10.5249304286 1 100 5
P 21.0461721256 22.1019048139 2 100 5
P 5.07447367821 20.3236159303 0 56 2
P 7.62943559551 6.48344320176 0 56 2
P 5.6456235917 10.6869140574 0 53 3
P 4.7222333673 15.6888986721 0 53 3
P 3.42730778917 20.21770907 0 18 4
P 6.05302392946 5.99426226569 0 18 4
P 10.2661401745 10.8071752441 0 88 4
P 9.08114238772 17.2262822927 0 88 4
P 16.3334584878 16.6405880264 0 7 2
P 16.8313267733 13.9436464321 0 7 2
P 24.5738592412 21.797768296 0 88 2
P 26.3699187933 12.0685530522 0 88 2
P 14.8725892522 12.5045722088 0 14 2
P 13.9900147299 17.2854590598 0 14 2
P 10.5732514055 12.8302893811 0 29 1
P 10.0903480042 15.4461665259 0 29 1
P 4.40734774968 8.03588464482 0 30 3
P 2.61904564445 17.7230779684 0 30 3
P 12.0310440299 27.097429832 0 93 5
P 16.5460225927 2.63988987774 0 93 5
P 11.8089075588 11.3444497839 0 39 2
P 10.7140529785 17.2752530582 0 39 2
