P 15 15 0 38 1
P 21.536707338 24.1407540525 1 100 5
P 8.46329266198 5.85924594755 2 100 5
P 25.1148854776 5.21925932695 0 56 2
P 4.88511452243 24.780740673 0 56 2
P 12.5517317338 12.1189681463 0 99 2
P 17.4482682662 17.8810318537 0 99 2
P 12.1240580272 6.4206641082 0 44 3
P 17.8759419728 23.5793358918 0 44 3
P 14.0838813068 8.95116926635 0 44 5
P 15.9161186932 21.0488307336 0 44 5
P 16.5794723572 6.69484612911 0 52 5
P 13.4205276428 23.3051538709 0 52 5
P 22.4793447339 25.9822110768 0 18 1
P 7.5206552661 4.01778892319 0 18 1
P 20.8877915361 27.0742658033 0 38 2
P 9.11220846392 2.92573419675 0 38 2
P 28.6616209024 15.15499723 0 79 5
P 1.33837909756 14.84500277 0 79 5
P 24.3389356739 4.39146359657 0 33 1
P 5.66106432613 25.6085364034 0 33 1
