P 15 15 0 79 2
P 19.4489370331 3.81719032568 1 100 5
P 10.5510629669 26.1828096743 2 100 5
P 14.3789591353 7.93641410125 0 60 5
P 15.6210408647 22.0635858987 0 60 5
P 27.4479035844 17.2850502797 0 55 4
P 2.55209641562 12.7149497203 0 55 4
P 12.9935047974 3.41885200376 0 63 3
P 17.0064952026 26.5811479962 0 63 3
P 8.47129021717 23.9633720167 0 24 3
P 21.5287097828 6.03662798326 0 24 3
P 9.87017578622 8.14802682906 0 16 5
P 20.1298242138 21.8519731709 0 16 5
P 0.751268437711 15.097382868 0 51 2
P 29.2487315623 14.902617132 0 51 2
P 15.1443937514 23.9256921841 0 28 1
P 14.8556062486 6.07430781595 0 28 1
