P 15 15 0 54 2
P 17.4902982076 12.2720303643 1 100 5
P 18.4947766393 16.1958008768 2 100 5
P 2.79432310619 18.1246320717 0 28 5
P 11.7360308492 15.8355704299 0 41 3
P 4.15261857835 17.7769107915 0 21 4
P 5.10669941271 19.0516338673 0 5 4
P 4.37682635483 16.2005478791 0 5 4
P 6.82531988183 3.48488247491 0 10 2
P 13.3639662433 29.0266432263 0 10 2
P 21.2670215117 3.39189937072 0 57 4
P 26.07389013 22.168857387 0 57 4
P 3.5256990729 22.4161373235 0 64 5
P 1.37363729745 14.0095889415 0 64 5
P 5.32929228362 9.95402889132 0 87 1
P 8.9434964731 24.0721098535 0 87 1
P 21.1942204253 12.1278273159 0 5 3
P 21.8123742417 14.5425070544 0 5 3
P 20.3890325137 28.4641652002 0 1 2
P 13.256515351 0.602580882335 0 1 2
