P 15 15 0 60 1
P 21.8073955454 24.8048762333 1 100 5
P 3.93303527793 19.4719709193 2 100 5
P 19.2396017435 0.790077923278 0 91 2
P 18.3664999477 3.71646328566 0 32 3
P 17.996496341 4.95660864303 0 90 4
P 14.3222213193 1.13014566486 0 19 3
P 23.1667575254 3.76895753994 0 19 3
P 10.3181811437 12.8993939656 0 43 5
P 20.0674347406 15.8081328261 0 43 5
P 5.59272275162 18.8913776057 0 44 3
P 20.7371600181 23.4097966578 0 44 3
P 6.74962012302 25.3137681605 0 40 3
P 16.2503374029 28.1483549603 0 40 3
P 19.5986854636 17.085466043 0 13 3
P 10.0104038036 14.2247539698 0 13 3
P 2.44834604967 11.9691698127 0 96 5
P 27.160417843 19.3421407619 0 96 5
P 27.3606575262 14.4117671555 0 84 5
P 4.98236670391 7.73509150062 0 84 5
P 28.9871272877 17.4209445575 0 80 5
P 1.97295670367 9.36113085197 0 80 5
P 14.1058670262 6.17080593286 0 57 5
P 20.5857871317 8.10412269765 0 57 5
P 17.8996359758 7.99045692003 0 12 1
P 16.4151697487 7.54755895263 0 12 1
P 20.8178584209 17.7796145908 0 3 2
P 8.61019186749 14.1373958563 0 3 2
P 22.6178626165 11.9381493712 0 48 5
P 10.3051954523 8.2646031761 0 48 5
