P 15 15 0 70 4
P 15.2654024274 1.05136219984 1 100 5
P 28.857322595 13.3845912512 2 100 5
P 12.5774640509 17.6697724567 0 84 4
P 5.44957656096 25.525110043 0 68 3
P 10.3722152576 12.2616370299 0 31 4
P 18.1737937217 19.340743806 0 31 4
P 17.0205018371 9.90056653725 0 90 3
P 19.8797160015 12.4950007865 0 90 3
P 9.8885145404 16.1060472443 0 78 3
P 14.3943227711 20.1945913415 0 78 3
P 6.33976356303 9.23518384745 0 55 5
P 21.5766506309 23.0610462656 0 55 5
P 22.3259414485 10.4687863244 0 28 2
P 18.8002117555 7.2695597736 0 28 2
P 29.3207919884 19.4441480057 0 20 2
P 9.18944768289 1.17708364918 0 20 2
P 27.2405819934 21.9416717855 0 92 2
P 6.90518792896 3.48945386833 0 92 2
P 22.9134119619 14.7672506351 0 50 2
P 14.4650540638 7.10125997445 0 50 2
P 8.04844475379 14.8667211112 0 2 5
P 15.8060741357 21.9059487466 0 2 5
P 4.65763434221 14.956995404 0 10 3
P 16.0447044012 25.289556332 0 10 3
P 19.0962208125 20.0849113102 0 51 5
P 9.54218897944 11.4156385726 0 51 5
P 23.5364036335 11.2627371584 0 46 2
P 17.8927333008 6.1417036292 0 46 2
