P 15 15 0 56 3
P 29.3381416799 15.1220340263 1 100 5
P 0.661858320125 14.8779659737 2 100 5
P 14.8755272925 29.6246696122 0 78 1
P 15.1244727075 0.375330387831 0 78 1
P 14.9626766563 19.3852309586 0 99 4
P 15.0373233437 10.6147690414 0 99 4
P 2.8444826795 17.2031396652 0 4 2
P 27.1555173205 12.7968603348 0 4 2
P 20.8099475595 15.1603888803 0 46 5
P 9.19005244052 14.8396111197 0 46 5
P 13.627311643 3.20034842717 0 95 1
P 16.372688357 26.7996515728 0 95 1
P 19.4316286303 4.46964686573 0 84 3
P 10.5683713697 25.5303531343 0 84 3
P 11.6321328457 8.02927474237 0 40 2
P 18.3678671543 21.9707252576 0 40 2
P 16.0340315511 21.632298129 0 36 3
P 13.9659684489 8.36770187104 0 36 3
P 13.7515565075 12.1296234807 0 68 2
P 16.2484434925 17.8703765193 0 68 2
