P 15 15 0 5 0
P 2.41298206398 7.70714323174 1 100 5
P 27.5288730512 7.60769857004 2 100 5
P 15.0333917931 23.4334807028 0 81 5
P 15.0557559802 29.0818129107 0 77 1
P 15.0141893918 18.5836938113 0 67 3
P 15.0211235451 20.3349938258 0 100 2
P 13.9672852162 20.1674000555 0 85 3
P 16.0736017008 20.1590602387 0 85 3
P 1.90097902741 20.2114619319 0 2 5
P 28.1398784807 20.1075707946 0 2 5
P 13.8615542617 4.56059604715 0 37 5
P 16.0557431202 4.55190830564 0 37 5
P 28.3415343678 21.3735728931 0 62 1
P 1.70935460408 21.4790211971 0 62 1
P 21.3246445603 12.9089290994 0 100 3
P 8.65899509441 12.9590778768 0 100 3
P 21.3684144753 15.1384276978 0 41 2
P 8.63288137106 15.1888531747 0 41 2
P 7.22134604358 3.4075351659 0 68 2
P 22.6866123542 3.34630149607 0 68 2
P 9.26211173022 6.14583569718 0 10 1
P 20.6675945425 6.10067646391 0 10 1
